187.17 61.72 213.83 78.41 0.0 0.0 0.0 0.0 0.0 0.0 204.94 78.41 204.94 106.24 187.17 122.93 222.72 134.07 196.06 173.02 0.0 0.0 222.72 134.07 196.06 173.02 222.72 217.54 0.0 0.0 187.17 56.15 0.0 0.0 204.94 56.15
178.28 56.15 204.94 78.41 213.83 78.41 0.0 0.0 0.0 0.0 204.94 78.41 196.06 106.24 178.28 111.8 222.72 134.07 187.17 173.02 213.83 217.54 213.83 134.07 187.17 173.02 213.83 217.54 0.0 0.0 187.17 50.59 0.0 0.0 204.94 56.15
187.17 50.59 204.94 72.85 0.0 0.0 0.0 0.0 0.0 0.0 196.06 72.85 187.17 106.24 169.39 95.11 213.83 134.07 187.17 178.59 222.72 223.11 213.83 134.07 204.94 173.02 213.83 223.11 0.0 0.0 187.17 45.02 0.0 0.0 204.94 50.59
187.17 45.02 204.94 67.28 213.83 67.28 0.0 0.0 0.0 0.0 196.06 67.28 178.28 89.54 0.0 0.0 213.83 128.5 187.17 178.59 204.94 211.98 213.83 128.5 213.83 167.46 204.94 217.54 0.0 0.0 187.17 45.02 0.0 0.0 204.94 45.02
178.28 45.02 204.94 61.72 222.72 61.72 231.61 89.54 0.0 0.0 187.17 61.72 169.39 83.98 178.28 89.54 222.72 122.93 204.94 167.46 213.83 217.54 204.94 122.93 204.94 167.46 213.83 217.54 0.0 0.0 187.17 39.46 0.0 0.0 196.06 39.46
187.17 33.89 204.94 56.15 222.72 56.15 240.5 78.41 0.0 0.0 187.17 56.15 178.28 72.85 0.0 0.0 222.72 111.8 204.94 167.46 222.72 223.11 204.94 111.8 204.94 167.46 222.72 223.11 0.0 0.0 187.17 33.89 0.0 0.0 204.94 33.89
187.17 33.89 213.83 56.15 222.72 56.15 249.39 72.85 240.5 56.15 187.17 50.59 178.28 67.28 0.0 0.0 222.72 111.8 204.94 167.46 222.72 223.11 204.94 106.24 204.94 167.46 213.83 223.11 0.0 0.0 196.06 28.33 0.0 0.0 213.83 33.89
222.72 33.89 204.94 56.15 222.72 56.15 249.39 72.85 249.39 45.02 187.17 50.59 0.0 0.0 0.0 0.0 213.83 117.37 204.94 173.02 213.83 228.67 204.94 111.8 204.94 173.02 222.72 228.67 222.72 28.33 187.17 33.89 204.94 33.89 196.06 33.89
187.17 45.02 204.94 61.72 222.72 61.72 258.28 78.41 267.17 50.59 187.17 61.72 0.0 0.0 0.0 0.0 213.83 128.5 213.83 184.15 222.72 234.24 204.94 128.5 187.17 184.15 204.94 228.67 0.0 0.0 196.06 39.46 0.0 0.0 204.94 45.02 240.5 6.07 231.61 22.76 222.72 22.76 0.0 0.0 0.0 0.0 249.39 22.76 0.0 0.0 0.0 0.0 0.0 0.0 0.0 0.0 0.0 0.0 0.0 0.0 0.0 0.0 0.0 0.0 231.61 0.5 0.0 0.0 222.72 6.07 0.0 0.0
187.17 45.02 204.94 67.28 222.72 67.28 258.28 83.98 276.06 61.72 187.17 67.28 0.0 0.0 0.0 0.0 222.72 134.07 213.83 184.15 222.72 234.24 196.06 139.63 187.17 189.72 196.06 228.67 0.0 0.0 187.17 45.02 0.0 0.0 204.94 45.02
187.17 50.59 204.94 67.28 222.72 67.28 258.28 89.54 284.94 83.98 187.17 67.28 0.0 0.0 0.0 0.0 222.72 134.07 213.83 189.72 231.61 234.24 196.06 128.5 187.17 195.28 196.06 245.37 0.0 0.0 187.17 45.02 0.0 0.0 204.94 45.02
187.17 50.59 204.94 72.85 222.72 72.85 249.39 95.11 276.06 100.67 187.17 67.28 0.0 0.0 0.0 0.0 213.83 134.07 213.83 189.72 231.61 239.8 196.06 134.07 178.28 195.28 196.06 245.37 0.0 0.0 187.17 45.02 0.0 0.0 196.06 50.59
187.17 50.59 204.94 72.85 222.72 72.85 249.39 100.67 284.94 111.8 187.17 67.28 169.39 83.98 160.5 78.41 213.83 134.07 213.83 189.72 231.61 239.8 196.06 134.07 178.28 195.28 196.06 245.37 0.0 0.0 196.06 45.02 0.0 0.0 204.94 50.59
187.17 45.02 204.94 72.85 222.72 72.85 249.39 106.24 276.06 111.8 187.17 67.28 151.61 72.85 124.94 67.28 213.83 134.07 213.83 195.28 222.72 239.8 187.17 128.5 187.17 200.85 0.0 0.0 0.0 0.0 196.06 39.46 213.83 50.59 196.06 45.02
187.17 39.46 204.94 67.28 222.72 67.28 231.61 100.67 0.0 0.0 187.17 61.72 151.61 67.28 124.94 56.15 213.83 128.5 213.83 184.15 231.61 239.8 196.06 122.93 187.17 195.28 204.94 239.8 0.0 0.0 0.0 0.0 0.0 0.0 196.06 39.46
196.06 39.46 204.94 61.72 213.83 61.72 0.0 0.0 0.0 0.0 196.06 61.72 160.5 72.85 133.83 56.15 213.83 117.37 213.83 139.63 0.0 0.0 196.06 117.37 196.06 200.85 204.94 239.8 0.0 0.0 0.0 0.0 0.0 0.0 196.06 39.46
196.06 39.46 204.94 61.72 0.0 0.0 0.0 0.0 0.0 0.0 213.83 67.28 178.28 78.41 151.61 67.28 213.83 122.93 222.72 200.85 240.5 239.8 213.83 122.93 213.83 200.85 213.83 245.37 0.0 0.0 196.06 33.89 0.0 0.0 204.94 39.46
196.06 39.46 213.83 67.28 204.94 61.72 178.28 67.28 160.5 67.28 222.72 67.28 196.06 95.11 169.39 78.41 222.72 128.5 213.83 189.72 0.0 0.0 222.72 128.5 213.83 184.15 0.0 0.0 0.0 0.0 204.94 39.46 0.0 0.0 213.83 45.02
196.06 45.02 213.83 67.28 204.94 67.28 0.0 0.0 0.0 0.0 222.72 67.28 204.94 100.67 169.39 89.54 222.72 128.5 0.0 0.0 0.0 0.0 222.72 128.5 222.72 184.15 0.0 0.0 0.0 0.0 204.94 39.46 0.0 0.0 213.83 45.02
196.06 45.02 213.83 67.28 196.06 67.28 196.06 95.11 0.0 0.0 231.61 72.85 222.72 111.8 196.06 106.24 204.94 128.5 213.83 184.15 0.0 0.0 222.72 128.5 222.72 189.72 0.0 0.0 0.0 0.0 196.06 45.02 0.0 0.0 213.83 45.02
196.06 45.02 213.83 67.28 196.06 67.28 187.17 72.85 196.06 72.85 231.61 72.85 240.5 106.24 213.83 117.37 204.94 128.5 213.83 184.15 249.39 228.67 231.61 128.5 222.72 189.72 0.0 0.0 0.0 0.0 204.94 39.46 0.0 0.0 213.83 45.02
204.94 45.02 222.72 67.28 204.94 67.28 196.06 83.98 213.83 78.41 240.5 72.85 249.39 100.67 249.39 117.37 213.83 134.07 213.83 195.28 240.5 228.67 231.61 128.5 213.83 195.28 240.5 234.24 0.0 0.0 204.94 45.02 0.0 0.0 222.72 50.59
204.94 50.59 222.72 72.85 204.94 67.28 196.06 95.11 222.72 83.98 249.39 78.41 258.28 100.67 249.39 122.93 213.83 134.07 213.83 200.85 231.61 234.24 240.5 134.07 213.83 195.28 231.61 245.37 0.0 0.0 213.83 45.02 0.0 0.0 222.72 50.59
204.94 50.59 231.61 72.85 213.83 72.85 204.94 106.24 231.61 95.11 249.39 78.41 258.28 100.67 258.28 117.37 213.83 134.07 204.94 195.28 231.61 239.8 240.5 134.07 222.72 195.28 231.61 245.37 0.0 0.0 213.83 50.59 0.0 0.0 222.72 50.59
204.94 50.59 231.61 78.41 213.83 72.85 196.06 106.24 222.72 100.67 249.39 78.41 267.17 100.67 258.28 117.37 222.72 139.63 204.94 195.28 231.61 239.8 240.5 134.07 222.72 195.28 231.61 245.37 0.0 0.0 213.83 50.59 0.0 0.0 231.61 50.59
213.83 50.59 231.61 78.41 213.83 78.41 204.94 106.24 204.94 111.8 258.28 78.41 267.17 117.37 249.39 117.37 222.72 139.63 213.83 195.28 231.61 239.8 240.5 139.63 231.61 195.28 231.61 245.37 0.0 0.0 222.72 45.02 0.0 0.0 231.61 50.59
213.83 50.59 231.61 78.41 213.83 78.41 204.94 106.24 204.94 117.37 258.28 83.98 267.17 111.8 249.39 122.93 222.72 145.2 213.83 195.28 240.5 239.8 249.39 145.2 231.61 195.28 240.5 245.37 0.0 0.0 222.72 50.59 0.0 0.0 231.61 50.59
213.83 56.15 231.61 78.41 222.72 78.41 213.83 106.24 213.83 111.8 258.28 78.41 267.17 117.37 231.61 117.37 222.72 150.76 222.72 195.28 240.5 239.8 249.39 145.2 240.5 195.28 249.39 245.37 0.0 0.0 222.72 50.59 0.0 0.0 231.61 50.59
222.72 50.59 240.5 72.85 222.72 72.85 213.83 100.67 204.94 106.24 258.28 78.41 258.28 106.24 222.72 117.37 222.72 139.63 231.61 189.72 240.5 239.8 249.39 139.63 231.61 189.72 240.5 245.37 0.0 0.0 222.72 45.02 0.0 0.0 240.5 50.59
222.72 45.02 240.5 67.28 231.61 67.28 222.72 100.67 0.0 0.0 249.39 72.85 249.39 106.24 222.72 111.8 240.5 128.5 240.5 189.72 267.17 234.24 258.28 128.5 240.5 189.72 267.17 239.8 0.0 0.0 231.61 39.46 0.0 0.0 240.5 45.02
222.72 45.02 240.5 67.28 231.61 67.28 0.0 0.0 0.0 0.0 249.39 67.28 258.28 106.24 222.72 117.37 240.5 134.07 240.5 184.15 231.61 239.8 258.28 128.5 249.39 189.72 267.17 239.8 231.61 39.46 231.61 39.46 0.0 0.0 240.5 45.02
222.72 45.02 240.5 72.85 0.0 0.0 0.0 0.0 0.0 0.0 249.39 72.85 249.39 111.8 222.72 117.37 240.5 134.07 249.39 189.72 231.61 239.8 258.28 134.07 249.39 189.72 276.06 245.37 0.0 0.0 231.61 45.02 0.0 0.0 240.5 50.59
222.72 50.59 249.39 72.85 0.0 0.0 0.0 0.0 0.0 0.0 240.5 78.41 240.5 111.8 222.72 117.37 249.39 139.63 240.5 189.72 276.06 239.8 258.28 139.63 249.39 189.72 231.61 239.8 0.0 0.0 231.61 45.02 0.0 0.0 240.5 50.59
222.72 50.59 249.39 72.85 0.0 0.0 0.0 0.0 0.0 0.0 240.5 72.85 240.5 111.8 222.72 117.37 249.39 139.63 240.5 184.15 240.5 228.67 258.28 139.63 249.39 184.15 240.5 234.24 0.0 0.0 231.61 45.02 0.0 0.0 240.5 50.59
222.72 45.02 249.39 67.28 0.0 0.0 0.0 0.0 0.0 0.0 249.39 67.28 249.39 106.24 222.72 111.8 249.39 134.07 240.5 178.59 249.39 223.11 258.28 134.07 258.28 178.59 267.17 239.8 222.72 39.46 231.61 39.46 0.0 0.0 240.5 45.02
222.72 39.46 249.39 61.72 0.0 0.0 0.0 0.0 0.0 0.0 249.39 67.28 249.39 100.67 222.72 111.8 258.28 128.5 249.39 178.59 258.28 223.11 258.28 128.5 258.28 184.15 249.39 223.11 0.0 0.0 231.61 39.46 0.0 0.0 240.5 39.46
222.72 45.02 240.5 67.28 0.0 0.0 0.0 0.0 0.0 0.0 240.5 67.28 249.39 106.24 222.72 111.8 249.39 134.07 249.39 178.59 0.0 0.0 267.17 128.5 249.39 178.59 0.0 0.0 222.72 39.46 231.61 39.46 0.0 0.0 240.5 45.02
222.72 50.59 249.39 72.85 0.0 0.0 0.0 0.0 0.0 0.0 240.5 78.41 249.39 111.8 222.72 122.93 258.28 134.07 249.39 189.72 267.17 234.24 267.17 134.07 258.28 189.72 258.28 239.8 0.0 0.0 222.72 50.59 0.0 0.0 240.5 50.59
222.72 61.72 249.39 83.98 0.0 0.0 0.0 0.0 0.0 0.0 240.5 89.54 240.5 122.93 222.72 134.07 267.17 145.2 249.39 189.72 267.17 234.24 258.28 145.2 249.39 189.72 267.17 239.8 0.0 0.0 231.61 56.15 0.0 0.0 240.5 61.72
222.72 61.72 249.39 83.98 0.0 0.0 0.0 0.0 0.0 0.0 240.5 89.54 240.5 122.93 213.83 128.5 267.17 145.2 240.5 189.72 267.17 234.24 258.28 145.2 240.5 189.72 0.0 0.0 0.0 0.0 231.61 61.72 0.0 0.0 240.5 61.72
222.72 61.72 249.39 83.98 0.0 0.0 0.0 0.0 0.0 0.0 231.61 83.98 231.61 111.8 231.61 128.5 267.17 139.63 240.5 189.72 267.17 234.24 249.39 139.63 240.5 189.72 267.17 239.8 0.0 0.0 222.72 56.15 0.0 0.0 240.5 61.72
222.72 56.15 240.5 78.41 258.28 78.41 267.17 106.24 267.17 111.8 222.72 78.41 213.83 111.8 213.83 106.24 258.28 134.07 249.39 184.15 267.17 239.8 240.5 134.07 240.5 184.15 267.17 239.8 0.0 0.0 222.72 50.59 0.0 0.0 231.61 56.15
213.83 56.15 240.5 78.41 258.28 78.41 276.06 100.67 267.17 111.8 222.72 78.41 213.83 100.67 213.83 106.24 258.28 134.07 240.5 184.15 267.17 234.24 240.5 134.07 240.5 184.15 267.17 239.8 0.0 0.0 222.72 50.59 0.0 0.0 231.61 50.59
213.83 56.15 240.5 72.85 258.28 72.85 284.94 100.67 0.0 0.0 222.72 72.85 213.83 100.67 0.0 0.0 258.28 134.07 249.39 189.72 267.17 234.24 240.5 134.07 240.5 184.15 267.17 239.8 0.0 0.0 222.72 50.59 0.0 0.0 231.61 50.59
213.83 56.15 240.5 72.85 258.28 72.85 284.94 95.11 284.94 89.54 213.83 72.85 0.0 0.0 0.0 0.0 258.28 139.63 258.28 195.28 267.17 234.24 240.5 139.63 231.61 195.28 258.28 239.8 0.0 0.0 222.72 50.59 240.5 56.15 231.61 50.59
213.83 56.15 240.5 78.41 258.28 78.41 284.94 95.11 276.06 89.54 213.83 72.85 0.0 0.0 0.0 0.0 258.28 139.63 258.28 189.72 258.28 234.24 231.61 139.63 222.72 189.72 249.39 234.24 0.0 0.0 222.72 50.59 249.39 61.72 231.61 56.15
213.83 56.15 231.61 72.85 249.39 72.85 284.94 95.11 276.06 89.54 213.83 72.85 0.0 0.0 0.0 0.0 249.39 139.63 258.28 184.15 258.28 239.8 231.61 139.63 213.83 195.28 231.61 234.24 0.0 0.0 213.83 50.59 0.0 0.0 222.72 56.15
204.94 56.15 231.61 72.85 249.39 72.85 276.06 100.67 267.17 95.11 213.83 72.85 204.94 95.11 0.0 0.0 249.39 139.63 249.39 178.59 258.28 239.8 222.72 139.63 204.94 184.15 213.83 239.8 0.0 0.0 213.83 50.59 0.0 0.0 222.72 56.15
204.94 56.15 231.61 72.85 249.39 72.85 267.17 106.24 0.0 0.0 204.94 72.85 204.94 95.11 0.0 0.0 249.39 139.63 249.39 184.15 258.28 239.8 222.72 139.63 204.94 184.15 204.94 245.37 0.0 0.0 213.83 50.59 0.0 0.0 213.83 50.59
204.94 56.15 222.72 78.41 249.39 78.41 267.17 106.24 258.28 117.37 204.94 78.41 196.06 111.8 0.0 0.0 240.5 139.63 249.39 189.72 267.17 239.8 213.83 139.63 196.06 189.72 196.06 239.8 0.0 0.0 204.94 50.59 0.0 0.0 222.72 56.15
196.06 56.15 222.72 78.41 240.5 78.41 258.28 106.24 249.39 122.93 204.94 78.41 196.06 106.24 196.06 111.8 231.61 139.63 240.5 184.15 267.17 239.8 213.83 139.63 196.06 189.72 204.94 245.37 0.0 0.0 204.94 50.59 0.0 0.0 213.83 56.15
196.06 56.15 222.72 78.41 240.5 78.41 249.39 111.8 249.39 117.37 204.94 72.85 187.17 106.24 196.06 117.37 231.61 145.2 231.61 184.15 258.28 234.24 213.83 139.63 196.06 189.72 196.06 245.37 0.0 0.0 204.94 50.59 0.0 0.0 213.83 56.15
196.06 50.59 222.72 72.85 231.61 72.85 240.5 106.24 240.5 117.37 204.94 72.85 187.17 95.11 187.17 111.8 231.61 134.07 222.72 184.15 258.28 228.67 213.83 134.07 196.06 189.72 204.94 245.37 0.0 0.0 204.94 50.59 0.0 0.0 213.83 50.59
196.06 50.59 213.83 72.85 231.61 72.85 0.0 0.0 0.0 0.0 204.94 72.85 196.06 95.11 187.17 106.24 222.72 134.07 222.72 184.15 249.39 223.11 213.83 134.07 204.94 184.15 204.94 245.37 0.0 0.0 204.94 45.02 0.0 0.0 213.83 50.59
196.06 50.59 213.83 72.85 222.72 72.85 0.0 0.0 0.0 0.0 204.94 72.85 196.06 100.67 187.17 106.24 222.72 134.07 213.83 184.15 204.94 245.37 213.83 134.07 204.94 184.15 249.39 223.11 0.0 0.0 204.94 45.02 0.0 0.0 213.83 50.59
196.06 50.59 213.83 72.85 222.72 72.85 0.0 0.0 0.0 0.0 204.94 72.85 204.94 100.67 187.17 111.8 222.72 134.07 213.83 184.15 204.94 239.8 213.83 128.5 204.94 184.15 204.94 245.37 204.94 45.02 204.94 45.02 0.0 0.0 213.83 50.59
196.06 50.59 213.83 72.85 222.72 72.85 0.0 0.0 0.0 0.0 204.94 72.85 204.94 106.24 187.17 111.8 222.72 128.5 204.94 184.15 204.94 239.8 213.83 128.5 204.94 184.15 204.94 245.37 204.94 45.02 204.94 45.02 0.0 0.0 213.83 50.59
204.94 50.59 213.83 72.85 222.72 72.85 0.0 0.0 0.0 0.0 213.83 72.85 204.94 106.24 187.17 111.8 222.72 134.07 204.94 184.15 231.61 223.11 213.83 134.07 204.94 184.15 204.94 245.37 0.0 0.0 213.83 50.59 0.0 0.0 213.83 56.15
196.06 56.15 213.83 72.85 0.0 0.0 0.0 0.0 0.0 0.0 213.83 78.41 204.94 111.8 187.17 117.37 222.72 134.07 204.94 184.15 231.61 223.11 213.83 134.07 204.94 184.15 204.94 245.37 0.0 0.0 196.06 50.59 0.0 0.0 204.94 56.15
196.06 56.15 213.83 78.41 222.72 78.41 0.0 0.0 0.0 0.0 213.83 78.41 204.94 111.8 187.17 117.37 222.72 139.63 213.83 184.15 231.61 228.67 213.83 139.63 204.94 184.15 204.94 245.37 0.0 0.0 196.06 50.59 0.0 0.0 213.83 56.15
187.17 56.15 213.83 78.41 222.72 78.41 0.0 0.0 0.0 0.0 213.83 78.41 204.94 111.8 187.17 117.37 222.72 139.63 213.83 184.15 240.5 228.67 213.83 139.63 213.83 184.15 204.94 245.37 0.0 0.0 196.06 50.59 0.0 0.0 204.94 56.15
187.17 56.15 213.83 72.85 0.0 0.0 0.0 0.0 0.0 0.0 213.83 78.41 204.94 111.8 187.17 117.37 222.72 134.07 213.83 178.59 0.0 0.0 222.72 134.07 213.83 178.59 213.83 239.8 0.0 0.0 196.06 50.59 0.0 0.0 213.83 50.59
196.06 50.59 213.83 72.85 222.72 72.85 0.0 0.0 0.0 0.0 213.83 72.85 213.83 111.8 187.17 111.8 231.61 134.07 213.83 178.59 222.72 239.8 222.72 134.07 213.83 178.59 222.72 239.8 0.0 0.0 196.06 45.02 0.0 0.0 213.83 50.59
196.06 50.59 213.83 72.85 222.72 72.85 0.0 0.0 0.0 0.0 213.83 72.85 213.83 106.24 196.06 111.8 231.61 134.07 213.83 178.59 0.0 0.0 222.72 134.07 213.83 178.59 231.61 239.8 196.06 45.02 204.94 45.02 0.0 0.0 213.83 50.59
196.06 50.59 213.83 72.85 222.72 72.85 0.0 0.0 0.0 0.0 213.83 78.41 213.83 106.24 196.06 117.37 231.61 134.07 213.83 178.59 231.61 239.8 222.72 134.07 213.83 178.59 231.61 239.8 0.0 0.0 204.94 50.59 0.0 0.0 213.83 50.59
196.06 50.59 222.72 72.85 0.0 0.0 0.0 0.0 0.0 0.0 213.83 78.41 213.83 111.8 196.06 117.37 231.61 134.07 222.72 178.59 231.61 239.8 222.72 134.07 213.83 178.59 231.61 239.8 0.0 0.0 204.94 50.59 0.0 0.0 213.83 50.59
196.06 50.59 222.72 72.85 0.0 0.0 0.0 0.0 0.0 0.0 213.83 72.85 213.83 106.24 196.06 111.8 231.61 128.5 222.72 178.59 231.61 239.8 222.72 128.5 213.83 178.59 231.61 239.8 0.0 0.0 204.94 45.02 0.0 0.0 213.83 50.59
196.06 50.59 213.83 72.85 222.72 67.28 0.0 0.0 0.0 0.0 213.83 72.85 213.83 106.24 187.17 111.8 231.61 128.5 222.72 173.02 0.0 0.0 222.72 128.5 213.83 173.02 231.61 234.24 0.0 0.0 204.94 45.02 0.0 0.0 213.83 50.59
196.06 50.59 222.72 72.85 0.0 0.0 0.0 0.0 0.0 0.0 213.83 72.85 213.83 106.24 187.17 111.8 231.61 128.5 222.72 178.59 231.61 234.24 222.72 128.5 213.83 178.59 231.61 234.24 0.0 0.0 204.94 45.02 0.0 0.0 213.83 50.59
196.06 50.59 222.72 72.85 0.0 0.0 0.0 0.0 0.0 0.0 213.83 72.85 213.83 106.24 187.17 111.8 231.61 134.07 222.72 178.59 231.61 234.24 222.72 134.07 213.83 178.59 240.5 234.24 0.0 0.0 204.94 45.02 0.0 0.0 213.83 50.59
196.06 50.59 213.83 72.85 222.72 72.85 0.0 0.0 0.0 0.0 213.83 78.41 213.83 111.8 187.17 111.8 231.61 134.07 213.83 178.59 231.61 234.24 222.72 134.07 213.83 178.59 231.61 239.8 0.0 0.0 204.94 50.59 0.0 0.0 213.83 50.59
196.06 50.59 213.83 72.85 213.83 67.28 0.0 0.0 0.0 0.0 213.83 72.85 204.94 106.24 187.17 111.8 222.72 128.5 213.83 178.59 0.0 0.0 222.72 128.5 213.83 178.59 231.61 234.24 0.0 0.0 196.06 45.02 0.0 0.0 204.94 50.59
187.17 50.59 213.83 67.28 0.0 0.0 0.0 0.0 0.0 0.0 204.94 72.85 204.94 106.24 187.17 111.8 222.72 128.5 213.83 178.59 0.0 0.0 213.83 128.5 213.83 178.59 231.61 234.24 0.0 0.0 196.06 45.02 0.0 0.0 204.94 45.02
187.17 50.59 213.83 67.28 0.0 0.0 0.0 0.0 0.0 0.0 204.94 72.85 204.94 106.24 187.17 111.8 222.72 128.5 213.83 178.59 0.0 0.0 213.83 128.5 213.83 184.15 231.61 228.67 0.0 0.0 196.06 45.02 0.0 0.0 204.94 50.59
187.17 50.59 204.94 72.85 213.83 72.85 0.0 0.0 0.0 0.0 204.94 78.41 204.94 111.8 178.28 117.37 222.72 134.07 204.94 184.15 231.61 234.24 213.83 128.5 0.0 0.0 0.0 0.0 0.0 0.0 187.17 50.59 0.0 0.0 204.94 50.59
187.17 56.15 204.94 78.41 213.83 72.85 0.0 0.0 0.0 0.0 204.94 78.41 204.94 111.8 178.28 122.93 222.72 134.07 204.94 184.15 231.61 234.24 213.83 134.07 204.94 184.15 222.72 234.24 0.0 0.0 187.17 50.59 0.0 0.0 204.94 56.15
187.17 61.72 204.94 78.41 213.83 78.41 0.0 0.0 0.0 0.0 196.06 83.98 196.06 111.8 178.28 117.37 222.72 139.63 196.06 189.72 222.72 234.24 213.83 139.63 196.06 189.72 222.72 234.24 0.0 0.0 187.17 56.15 0.0 0.0 204.94 61.72
178.28 56.15 204.94 78.41 213.83 78.41 0.0 0.0 0.0 0.0 196.06 78.41 187.17 106.24 178.28 111.8 222.72 139.63 204.94 184.15 222.72 234.24 213.83 139.63 196.06 189.72 222.72 234.24 0.0 0.0 187.17 56.15 0.0 0.0 204.94 56.15
178.28 56.15 204.94 72.85 213.83 72.85 0.0 0.0 0.0 0.0 187.17 78.41 178.28 100.67 187.17 117.37 222.72 134.07 213.83 184.15 222.72 234.24 213.83 134.07 196.06 184.15 222.72 234.24 0.0 0.0 187.17 50.59 0.0 0.0 196.06 56.15
178.28 50.59 204.94 72.85 222.72 72.85 231.61 100.67 0.0 0.0 187.17 72.85 169.39 100.67 0.0 0.0 222.72 134.07 213.83 178.59 222.72 234.24 204.94 134.07 196.06 184.15 222.72 234.24 0.0 0.0 187.17 50.59 0.0 0.0 196.06 50.59
178.28 50.59 204.94 67.28 222.72 72.85 231.61 89.54 231.61 95.11 178.28 67.28 178.28 89.54 0.0 0.0 213.83 134.07 213.83 178.59 222.72 223.11 204.94 134.07 196.06 184.15 213.83 223.11 0.0 0.0 187.17 45.02 0.0 0.0 196.06 50.59
178.28 50.59 204.94 67.28 222.72 67.28 240.5 89.54 0.0 0.0 187.17 67.28 178.28 83.98 0.0 0.0 213.83 128.5 213.83 184.15 222.72 223.11 204.94 128.5 196.06 184.15 213.83 223.11 0.0 0.0 187.17 45.02 204.94 50.59 196.06 50.59
178.28 50.59 204.94 67.28 222.72 67.28 249.39 83.98 249.39 67.28 178.28 67.28 0.0 0.0 0.0 0.0 222.72 134.07 213.83 173.02 213.83 239.8 196.06 128.5 187.17 184.15 204.94 217.54 222.72 45.02 187.17 45.02 204.94 50.59 196.06 50.59
178.28 50.59 196.06 67.28 213.83 67.28 249.39 83.98 258.28 61.72 178.28 67.28 0.0 0.0 0.0 0.0 213.83 134.07 213.83 184.15 213.83 228.67 196.06 134.07 178.28 184.15 196.06 223.11 0.0 0.0 187.17 45.02 204.94 50.59 196.06 50.59
178.28 50.59 196.06 67.28 213.83 67.28 249.39 83.98 267.17 61.72 178.28 67.28 0.0 0.0 0.0 0.0 213.83 134.07 213.83 184.15 213.83 228.67 196.06 134.07 169.39 184.15 187.17 223.11 222.72 45.02 178.28 50.59 213.83 50.59 196.06 50.59
178.28 50.59 196.06 72.85 213.83 72.85 249.39 83.98 267.17 72.85 178.28 67.28 0.0 0.0 0.0 0.0 213.83 134.07 213.83 173.02 213.83 228.67 187.17 134.07 160.5 184.15 169.39 234.24 213.83 56.15 178.28 50.59 204.94 56.15 187.17 50.59
0.0 0.0 187.17 72.85 213.83 72.85 240.5 89.54 276.06 89.54 169.39 67.28 0.0 0.0 0.0 0.0 204.94 134.07 204.94 173.02 213.83 228.67 178.28 134.07 160.5 178.59 160.5 228.67 0.0 0.0 0.0 0.0 196.06 56.15 187.17 50.59
0.0 0.0 187.17 72.85 204.94 72.85 231.61 89.54 267.17 100.67 169.39 72.85 0.0 0.0 0.0 0.0 204.94 134.07 204.94 178.59 213.83 228.67 178.28 134.07 160.5 178.59 160.5 228.67 0.0 0.0 0.0 0.0 196.06 56.15 187.17 50.59
0.0 0.0 187.17 72.85 204.94 72.85 231.61 95.11 258.28 111.8 169.39 67.28 151.61 83.98 133.83 83.98 196.06 134.07 204.94 178.59 213.83 228.67 178.28 134.07 151.61 178.59 160.5 234.24 0.0 0.0 0.0 0.0 196.06 50.59 178.28 50.59
0.0 0.0 187.17 67.28 204.94 72.85 222.72 106.24 240.5 111.8 169.39 67.28 133.83 78.41 116.06 72.85 196.06 134.07 196.06 178.59 213.83 228.67 169.39 134.07 151.61 178.59 160.5 234.24 0.0 0.0 0.0 0.0 196.06 50.59 178.28 45.02
0.0 0.0 187.17 67.28 196.06 67.28 204.94 100.67 0.0 0.0 160.5 61.72 133.83 72.85 116.06 67.28 196.06 134.07 196.06 178.59 213.83 228.67 169.39 134.07 151.61 178.59 160.5 234.24 0.0 0.0 0.0 0.0 196.06 50.59 169.39 45.02
0.0 0.0 178.28 61.72 187.17 61.72 0.0 0.0 0.0 0.0 169.39 61.72 142.72 72.85 116.06 61.72 187.17 122.93 187.17 173.02 213.83 223.11 178.28 128.5 160.5 178.59 160.5 228.67 0.0 0.0 0.0 0.0 0.0 0.0 169.39 45.02
160.5 45.02 178.28 61.72 187.17 56.15 0.0 0.0 0.0 0.0 178.28 61.72 151.61 72.85 124.94 67.28 187.17 122.93 187.17 173.02 213.83 217.54 178.28 122.93 160.5 173.02 160.5 234.24 0.0 0.0 169.39 45.02 0.0 0.0 178.28 45.02
160.5 45.02 178.28 61.72 0.0 0.0 0.0 0.0 0.0 0.0 187.17 61.72 160.5 78.41 133.83 72.85 187.17 122.93 187.17 178.59 213.83 217.54 178.28 122.93 169.39 173.02 160.5 228.67 0.0 0.0 169.39 39.46 0.0 0.0 178.28 45.02
160.5 39.46 178.28 56.15 169.39 56.15 142.72 56.15 133.83 56.15 187.17 61.72 178.28 89.54 160.5 95.11 178.28 122.93 169.39 173.02 160.5 234.24 178.28 122.93 169.39 173.02 204.94 217.54 0.0 0.0 169.39 39.46 0.0 0.0 169.39 39.46
160.5 39.46 178.28 61.72 160.5 56.15 133.83 50.59 0.0 0.0 187.17 61.72 196.06 100.67 160.5 106.24 169.39 122.93 169.39 167.46 160.5 234.24 187.17 122.93 169.39 167.46 204.94 211.98 0.0 0.0 160.5 39.46 0.0 0.0 169.39 39.46
169.39 39.46 178.28 61.72 160.5 56.15 142.72 56.15 0.0 0.0 196.06 61.72 204.94 95.11 178.28 111.8 169.39 117.37 169.39 173.02 160.5 228.67 187.17 117.37 169.39 173.02 204.94 211.98 169.39 33.89 169.39 39.46 0.0 0.0 178.28 39.46
160.5 39.46 178.28 56.15 169.39 56.15 151.61 61.72 160.5 56.15 196.06 61.72 213.83 89.54 204.94 100.67 169.39 122.93 169.39 167.46 160.5 234.24 187.17 122.93 169.39 167.46 196.06 211.98 0.0 0.0 169.39 39.46 0.0 0.0 178.28 39.46
160.5 39.46 187.17 56.15 169.39 56.15 151.61 72.85 169.39 67.28 204.94 61.72 213.83 83.98 222.72 95.11 169.39 117.37 169.39 167.46 196.06 211.98 196.06 117.37 169.39 167.46 169.39 228.67 0.0 0.0 169.39 39.46 0.0 0.0 178.28 39.46
160.5 39.46 187.17 56.15 169.39 56.15 160.5 72.85 169.39 72.85 204.94 61.72 213.83 83.98 222.72 95.11 169.39 122.93 169.39 167.46 196.06 211.98 196.06 122.93 169.39 173.02 196.06 211.98 0.0 0.0 169.39 33.89 0.0 0.0 178.28 39.46
169.39 39.46 187.17 61.72 169.39 56.15 160.5 89.54 178.28 78.41 204.94 61.72 222.72 89.54 0.0 0.0 178.28 117.37 178.28 167.46 0.0 0.0 196.06 117.37 178.28 167.46 169.39 228.67 0.0 0.0 169.39 33.89 0.0 0.0 187.17 39.46
169.39 39.46 187.17 61.72 169.39 61.72 160.5 95.11 169.39 89.54 213.83 61.72 222.72 89.54 213.83 89.54 178.28 122.93 178.28 167.46 0.0 0.0 204.94 122.93 178.28 167.46 187.17 217.54 0.0 0.0 169.39 33.89 0.0 0.0 187.17 39.46
169.39 39.46 187.17 61.72 169.39 61.72 160.5 89.54 169.39 95.11 213.83 61.72 222.72 89.54 213.83 89.54 187.17 122.93 178.28 161.89 196.06 217.54 204.94 122.93 187.17 161.89 196.06 211.98 0.0 0.0 178.28 33.89 0.0 0.0 187.17 33.89
178.28 33.89 196.06 61.72 178.28 61.72 178.28 83.98 178.28 95.11 213.83 61.72 222.72 89.54 196.06 95.11 187.17 117.37 187.17 161.89 204.94 217.54 204.94 117.37 187.17 161.89 204.94 217.54 0.0 0.0 178.28 33.89 0.0 0.0 196.06 33.89
178.28 33.89 196.06 56.15 187.17 56.15 178.28 83.98 178.28 89.54 213.83 56.15 222.72 89.54 187.17 100.67 196.06 117.37 196.06 167.46 187.17 211.98 213.83 117.37 196.06 167.46 231.61 211.98 0.0 0.0 187.17 28.33 0.0 0.0 196.06 33.89
178.28 33.89 196.06 56.15 0.0 0.0 0.0 0.0 0.0 0.0 213.83 56.15 213.83 95.11 187.17 100.67 196.06 117.37 196.06 161.89 196.06 211.98 213.83 117.37 204.94 167.46 240.5 217.54 0.0 0.0 187.17 28.33 0.0 0.0 196.06 33.89
187.17 33.89 204.94 56.15 0.0 0.0 0.0 0.0 0.0 0.0 213.83 56.15 213.83 95.11 187.17 100.67 204.94 117.37 196.06 161.89 204.94 200.85 222.72 117.37 213.83 167.46 231.61 217.54 187.17 28.33 187.17 28.33 0.0 0.0 204.94 33.89
187.17 28.33 213.83 50.59 204.94 50.59 0.0 0.0 0.0 0.0 213.83 56.15 213.83 89.54 196.06 95.11 204.94 117.37 204.94 161.89 231.61 211.98 231.61 111.8 213.83 161.89 231.61 217.54 0.0 0.0 196.06 28.33 0.0 0.0 204.94 28.33
196.06 28.33 213.83 50.59 204.94 50.59 0.0 0.0 0.0 0.0 222.72 50.59 222.72 83.98 196.06 95.11 213.83 111.8 204.94 156.33 231.61 195.28 231.61 111.8 213.83 156.33 231.61 200.85 0.0 0.0 196.06 22.76 0.0 0.0 213.83 28.33
196.06 28.33 213.83 50.59 0.0 0.0 0.0 0.0 0.0 0.0 222.72 50.59 222.72 83.98 204.94 95.11 222.72 106.24 222.72 156.33 0.0 0.0 231.61 106.24 222.72 156.33 240.5 200.85 0.0 0.0 204.94 22.76 0.0 0.0 213.83 22.76
196.06 28.33 222.72 50.59 213.83 50.59 0.0 0.0 0.0 0.0 222.72 50.59 222.72 89.54 204.94 95.11 222.72 111.8 222.72 156.33 0.0 0.0 240.5 111.8 222.72 156.33 249.39 206.41 0.0 0.0 204.94 28.33 0.0 0.0 213.83 28.33
