0.0 0.0 782.72 282.24 960.5 282.24 1102.72 517.02 1102.72 610.93 640.5 282.24 569.39 517.02 533.83 634.41 0.0 0.0 0.0 0.0 0.0 0.0 0.0 0.0 0.0 0.0 0.0 0.0 0.0 0.0 0.0 0.0 889.39 94.41 711.61 94.41
0.0 0.0 782.72 282.24 960.5 282.24 1102.72 517.02 1102.72 610.93 640.5 282.24 569.39 517.02 533.83 634.41 0.0 0.0 0.0 0.0 0.0 0.0 0.0 0.0 0.0 0.0 0.0 0.0 0.0 0.0 0.0 0.0 889.39 94.41 711.61 94.41
0.0 0.0 782.72 282.24 960.5 282.24 1102.72 517.02 0.0 0.0 640.5 282.24 569.39 517.02 533.83 634.41 0.0 0.0 0.0 0.0 0.0 0.0 0.0 0.0 0.0 0.0 0.0 0.0 0.0 0.0 0.0 0.0 889.39 94.41 711.61 94.41
0.0 0.0 782.72 282.24 960.5 282.24 1102.72 517.02 1102.72 634.41 640.5 282.24 569.39 493.54 533.83 634.41 0.0 0.0 0.0 0.0 0.0 0.0 0.0 0.0 0.0 0.0 0.0 0.0 0.0 0.0 0.0 0.0 889.39 94.41 711.61 94.41
0.0 0.0 782.72 282.24 960.5 282.24 1102.72 517.02 1102.72 610.93 640.5 282.24 533.83 517.02 533.83 634.41 0.0 0.0 0.0 0.0 0.0 0.0 0.0 0.0 0.0 0.0 0.0 0.0 0.0 0.0 0.0 0.0 889.39 94.41 711.61 94.41
0.0 0.0 782.72 282.24 960.5 282.24 1102.72 517.02 1102.72 610.93 640.5 282.24 569.39 517.02 533.83 634.41 0.0 0.0 0.0 0.0 0.0 0.0 0.0 0.0 0.0 0.0 0.0 0.0 0.0 0.0 0.0 0.0 889.39 94.41 711.61 94.41
0.0 0.0 782.72 282.24 960.5 282.24 1102.72 517.02 1102.72 610.93 640.5 282.24 569.39 517.02 533.83 634.41 0.0 0.0 0.0 0.0 0.0 0.0 0.0 0.0 0.0 0.0 0.0 0.0 0.0 0.0 0.0 0.0 889.39 94.41 711.61 94.41
0.0 0.0 782.72 282.24 960.5 282.24 1102.72 517.02 1138.28 634.41 640.5 282.24 569.39 517.02 569.39 634.41 0.0 0.0 0.0 0.0 0.0 0.0 0.0 0.0 0.0 0.0 0.0 0.0 0.0 0.0 0.0 0.0 889.39 94.41 711.61 94.41
0.0 0.0 782.72 282.24 960.5 282.24 1102.72 517.02 1102.72 634.41 640.5 282.24 569.39 517.02 569.39 634.41 0.0 0.0 0.0 0.0 0.0 0.0 0.0 0.0 0.0 0.0 0.0 0.0 0.0 0.0 0.0 0.0 889.39 94.41 711.61 94.41
0.0 0.0 782.72 282.24 960.5 282.24 1102.72 517.02 1102.72 634.41 640.5 282.24 569.39 517.02 533.83 634.41 0.0 0.0 0.0 0.0 0.0 0.0 0.0 0.0 0.0 0.0 0.0 0.0 0.0 0.0 0.0 0.0 889.39 94.41 711.61 94.41
0.0 0.0 782.72 282.24 960.5 282.24 1102.72 517.02 1138.28 634.41 604.94 282.24 569.39 517.02 569.39 634.41 0.0 0.0 0.0 0.0 0.0 0.0 0.0 0.0 0.0 0.0 0.0 0.0 0.0 0.0 0.0 0.0 889.39 94.41 711.61 94.41
0.0 0.0 782.72 282.24 960.5 282.24 1102.72 517.02 1138.28 634.41 640.5 282.24 569.39 517.02 569.39 634.41 0.0 0.0 0.0 0.0 0.0 0.0 0.0 0.0 0.0 0.0 0.0 0.0 0.0 0.0 0.0 0.0 889.39 94.41 711.61 94.41
0.0 0.0 782.72 282.24 960.5 282.24 1102.72 517.02 1138.28 634.41 640.5 282.24 569.39 517.02 569.39 634.41 0.0 0.0 0.0 0.0 0.0 0.0 0.0 0.0 0.0 0.0 0.0 0.0 0.0 0.0 0.0 0.0 889.39 94.41 711.61 94.41
0.0 0.0 782.72 282.24 960.5 282.24 1102.72 517.02 1138.28 634.41 604.94 282.24 569.39 517.02 569.39 634.41 0.0 0.0 0.0 0.0 0.0 0.0 0.0 0.0 0.0 0.0 0.0 0.0 0.0 0.0 0.0 0.0 889.39 94.41 711.61 117.89
0.0 0.0 782.72 282.24 960.5 282.24 1102.72 517.02 1138.28 634.41 604.94 282.24 569.39 517.02 569.39 634.41 0.0 0.0 0.0 0.0 0.0 0.0 0.0 0.0 0.0 0.0 0.0 0.0 0.0 0.0 0.0 0.0 889.39 94.41 711.61 117.89
0.0 0.0 782.72 282.24 960.5 282.24 1102.72 517.02 1102.72 610.93 640.5 282.24 569.39 517.02 569.39 634.41 0.0 0.0 0.0 0.0 0.0 0.0 0.0 0.0 0.0 0.0 0.0 0.0 0.0 0.0 0.0 0.0 889.39 94.41 711.61 117.89
0.0 0.0 782.72 282.24 960.5 282.24 1102.72 517.02 1138.28 610.93 640.5 282.24 569.39 517.02 533.83 634.41 0.0 0.0 0.0 0.0 0.0 0.0 0.0 0.0 0.0 0.0 0.0 0.0 0.0 0.0 0.0 0.0 889.39 94.41 711.61 94.41
0.0 0.0 782.72 282.24 960.5 282.24 1102.72 517.02 1102.72 634.41 604.94 282.24 569.39 517.02 533.83 634.41 0.0 0.0 0.0 0.0 0.0 0.0 0.0 0.0 0.0 0.0 0.0 0.0 0.0 0.0 0.0 0.0 889.39 94.41 711.61 94.41
0.0 0.0 782.72 282.24 960.5 282.24 1102.72 517.02 1102.72 610.93 604.94 282.24 569.39 517.02 533.83 634.41 0.0 0.0 0.0 0.0 0.0 0.0 0.0 0.0 0.0 0.0 0.0 0.0 0.0 0.0 0.0 0.0 889.39 94.41 711.61 94.41
0.0 0.0 782.72 282.24 960.5 282.24 1102.72 517.02 1102.72 610.93 604.94 282.24 569.39 517.02 533.83 634.41 0.0 0.0 0.0 0.0 0.0 0.0 0.0 0.0 0.0 0.0 0.0 0.0 0.0 0.0 0.0 0.0 889.39 94.41 711.61 94.41
0.0 0.0 782.72 282.24 960.5 282.24 1102.72 517.02 1102.72 634.41 604.94 282.24 569.39 517.02 533.83 634.41 0.0 0.0 0.0 0.0 0.0 0.0 0.0 0.0 0.0 0.0 0.0 0.0 0.0 0.0 0.0 0.0 889.39 94.41 711.61 94.41
0.0 0.0 782.72 282.24 960.5 282.24 1102.72 517.02 1102.72 634.41 604.94 282.24 569.39 517.02 533.83 634.41 0.0 0.0 0.0 0.0 0.0 0.0 0.0 0.0 0.0 0.0 0.0 0.0 0.0 0.0 0.0 0.0 889.39 94.41 711.61 94.41
0.0 0.0 782.72 282.24 960.5 282.24 1102.72 517.02 1102.72 610.93 604.94 282.24 569.39 517.02 533.83 634.41 0.0 0.0 0.0 0.0 0.0 0.0 0.0 0.0 0.0 0.0 0.0 0.0 0.0 0.0 0.0 0.0 889.39 94.41 711.61 94.41
0.0 0.0 782.72 282.24 960.5 282.24 1102.72 540.5 0.0 0.0 604.94 282.24 569.39 517.02 533.83 634.41 0.0 0.0 0.0 0.0 0.0 0.0 0.0 0.0 0.0 0.0 0.0 0.0 0.0 0.0 0.0 0.0 889.39 94.41 711.61 94.41
0.0 0.0 782.72 282.24 960.5 282.24 1102.72 517.02 1102.72 610.93 604.94 282.24 569.39 517.02 533.83 634.41 0.0 0.0 0.0 0.0 0.0 0.0 0.0 0.0 0.0 0.0 0.0 0.0 0.0 0.0 0.0 0.0 889.39 94.41 711.61 94.41
0.0 0.0 782.72 282.24 960.5 282.24 1102.72 517.02 1102.72 587.46 604.94 282.24 533.83 517.02 533.83 634.41 0.0 0.0 0.0 0.0 0.0 0.0 0.0 0.0 0.0 0.0 0.0 0.0 0.0 0.0 0.0 0.0 889.39 94.41 711.61 94.41
0.0 0.0 782.72 282.24 960.5 282.24 1102.72 517.02 1102.72 610.93 604.94 282.24 533.83 517.02 569.39 634.41 0.0 0.0 0.0 0.0 0.0 0.0 0.0 0.0 0.0 0.0 0.0 0.0 0.0 0.0 0.0 0.0 889.39 94.41 711.61 94.41
0.0 0.0 782.72 282.24 960.5 282.24 1102.72 517.02 1138.28 634.41 604.94 282.24 533.83 517.02 533.83 610.93 0.0 0.0 0.0 0.0 0.0 0.0 0.0 0.0 0.0 0.0 0.0 0.0 0.0 0.0 0.0 0.0 889.39 94.41 711.61 94.41
0.0 0.0 782.72 282.24 960.5 282.24 1102.72 493.54 1138.28 634.41 604.94 258.76 533.83 493.54 533.83 634.41 0.0 0.0 0.0 0.0 0.0 0.0 0.0 0.0 0.0 0.0 0.0 0.0 0.0 0.0 0.0 0.0 889.39 94.41 711.61 94.41
0.0 0.0 782.72 282.24 960.5 282.24 1138.28 493.54 0.0 0.0 640.5 258.76 533.83 470.07 533.83 563.98 0.0 0.0 0.0 0.0 0.0 0.0 0.0 0.0 0.0 0.0 0.0 0.0 0.0 0.0 0.0 0.0 889.39 94.41 711.61 94.41
0.0 0.0 818.28 282.24 960.5 282.24 1138.28 470.07 0.0 0.0 640.5 258.76 533.83 470.07 0.0 0.0 0.0 0.0 0.0 0.0 0.0 0.0 0.0 0.0 0.0 0.0 0.0 0.0 0.0 0.0 0.0 0.0 889.39 94.41 711.61 94.41
0.0 0.0 818.28 282.24 960.5 282.24 1102.72 470.07 0.0 0.0 640.5 258.76 498.28 423.11 0.0 0.0 0.0 0.0 0.0 0.0 0.0 0.0 0.0 0.0 0.0 0.0 0.0 0.0 0.0 0.0 0.0 0.0 889.39 94.41 747.17 94.41
0.0 0.0 818.28 258.76 960.5 282.24 0.0 0.0 0.0 0.0 640.5 258.76 533.83 376.15 0.0 0.0 0.0 0.0 0.0 0.0 0.0 0.0 0.0 0.0 0.0 0.0 0.0 0.0 0.0 0.0 0.0 0.0 924.94 117.89 747.17 94.41
0.0 0.0 818.28 258.76 996.06 305.72 1138.28 470.07 0.0 0.0 640.5 258.76 533.83 329.2 0.0 0.0 0.0 0.0 0.0 0.0 0.0 0.0 0.0 0.0 0.0 0.0 0.0 0.0 0.0 0.0 0.0 0.0 924.94 117.89 747.17 94.41
0.0 0.0 818.28 282.24 996.06 305.72 1102.72 446.59 0.0 0.0 676.06 235.28 569.39 282.24 0.0 0.0 0.0 0.0 0.0 0.0 0.0 0.0 0.0 0.0 0.0 0.0 0.0 0.0 0.0 0.0 0.0 0.0 924.94 117.89 782.72 117.89
0.0 0.0 853.83 282.24 996.06 305.72 1102.72 470.07 0.0 0.0 676.06 235.28 569.39 258.76 640.5 164.85 0.0 0.0 0.0 0.0 0.0 0.0 0.0 0.0 0.0 0.0 0.0 0.0 0.0 0.0 0.0 0.0 924.94 141.37 782.72 117.89
0.0 0.0 853.83 282.24 996.06 305.72 0.0 0.0 0.0 0.0 676.06 211.8 569.39 235.28 676.06 141.37 0.0 0.0 0.0 0.0 0.0 0.0 0.0 0.0 0.0 0.0 0.0 0.0 0.0 0.0 0.0 0.0 960.5 141.37 782.72 117.89
0.0 0.0 853.83 282.24 996.06 329.2 0.0 0.0 0.0 0.0 711.61 235.28 604.94 211.8 711.61 117.89 0.0 0.0 0.0 0.0 0.0 0.0 0.0 0.0 0.0 0.0 0.0 0.0 0.0 0.0 0.0 0.0 960.5 164.85 782.72 141.37


0.0 0.0 853.83 329.2 996.06 376.15 1031.61 517.02 0.0 0.0 747.17 258.76 0.0 0.0 0.0 0.0 853.83 728.33 0.0 0.0 0.0 0.0 0.0 0.0 0.0 0.0 0.0 0.0 0.0 0.0 0.0 0.0 960.5 188.33 818.28 164.85
0.0 0.0 853.83 329.2 996.06 376.15 0.0 0.0 0.0 0.0 747.17 235.28 0.0 0.0 0.0 0.0 0.0 0.0 0.0 0.0 0.0 0.0 0.0 0.0 0.0 0.0 0.0 0.0 0.0 0.0 0.0 0.0 960.5 211.8 818.28 188.33
0.0 0.0 889.39 352.67 996.06 399.63 0.0 0.0 0.0 0.0 747.17 258.76 0.0 0.0 0.0 0.0 0.0 0.0 0.0 0.0 0.0 0.0 0.0 0.0 0.0 0.0 0.0 0.0 0.0 0.0 0.0 0.0 996.06 235.28 818.28 188.33

0.0 0.0 889.39 399.63 996.06 423.11 0.0 0.0 0.0 0.0 782.72 282.24 0.0 0.0 0.0 0.0 0.0 0.0 0.0 0.0 0.0 0.0 676.06 704.85 0.0 0.0 0.0 0.0 0.0 0.0 0.0 0.0 996.06 258.76 853.83 235.28
0.0 0.0 889.39 399.63 996.06 446.59 0.0 0.0 0.0 0.0 782.72 376.15 0.0 0.0 0.0 0.0 0.0 0.0 0.0 0.0 0.0 0.0 676.06 681.37 0.0 0.0 0.0 0.0 0.0 0.0 0.0 0.0 996.06 282.24 0.0 0.0
0.0 0.0 889.39 399.63 996.06 446.59 0.0 0.0 0.0 0.0 782.72 352.67 0.0 0.0 0.0 0.0 0.0 0.0 0.0 0.0 0.0 0.0 0.0 0.0 0.0 0.0 0.0 0.0 0.0 0.0 0.0 0.0 996.06 305.72 853.83 258.76
0.0 0.0 889.39 423.11 996.06 446.59 0.0 0.0 0.0 0.0 818.28 376.15 0.0 0.0 0.0 0.0 0.0 0.0 0.0 0.0 0.0 0.0 0.0 0.0 0.0 0.0 0.0 0.0 0.0 0.0 0.0 0.0 996.06 329.2 853.83 282.24









0.0 0.0 889.39 446.59 1031.61 493.54 0.0 0.0 0.0 0.0 782.72 352.67 0.0 0.0 0.0 0.0 0.0 0.0 0.0 0.0 0.0 0.0 0.0 0.0 0.0 0.0 0.0 0.0 0.0 0.0 0.0 0.0 1031.61 352.67 889.39 305.72
0.0 0.0 889.39 446.59 1031.61 493.54 0.0 0.0 0.0 0.0 782.72 352.67 0.0 0.0 0.0 0.0 0.0 0.0 0.0 0.0 0.0 0.0 0.0 0.0 0.0 0.0 0.0 0.0 0.0 0.0 0.0 0.0 1031.61 352.67 853.83 305.72
0.0 0.0 889.39 446.59 1031.61 493.54 0.0 0.0 0.0 0.0 782.72 352.67 0.0 0.0 0.0 0.0 0.0 0.0 0.0 0.0 0.0 0.0 0.0 0.0 0.0 0.0 0.0 0.0 0.0 0.0 0.0 0.0 1031.61 352.67 853.83 305.72

0.0 0.0 889.39 446.59 996.06 470.07 0.0 0.0 0.0 0.0 782.72 352.67 0.0 0.0 0.0 0.0 0.0 0.0 0.0 0.0 0.0 0.0 0.0 0.0 0.0 0.0 0.0 0.0 0.0 0.0 0.0 0.0 1031.61 352.67 853.83 305.72
0.0 0.0 889.39 446.59 996.06 470.07 0.0 0.0 0.0 0.0 782.72 352.67 0.0 0.0 0.0 0.0 0.0 0.0 0.0 0.0 0.0 0.0 0.0 0.0 0.0 0.0 0.0 0.0 0.0 0.0 0.0 0.0 1031.61 352.67 853.83 305.72
0.0 0.0 889.39 446.59 996.06 470.07 0.0 0.0 0.0 0.0 782.72 352.67 0.0 0.0 0.0 0.0 0.0 0.0 0.0 0.0 0.0 0.0 0.0 0.0 0.0 0.0 0.0 0.0 0.0 0.0 0.0 0.0 996.06 352.67 853.83 305.72
0.0 0.0 889.39 446.59 996.06 470.07 0.0 0.0 0.0 0.0 782.72 352.67 0.0 0.0 0.0 0.0 0.0 0.0 0.0 0.0 0.0 0.0 0.0 0.0 0.0 0.0 0.0 0.0 0.0 0.0 0.0 0.0 996.06 352.67 853.83 305.72




















































0.0 0.0 924.94 470.07 1031.61 517.02 1031.61 798.76 0.0 0.0 0.0 0.0 0.0 0.0 0.0 0.0 853.83 775.28 0.0 0.0 0.0 0.0 0.0 0.0 0.0 0.0 0.0 0.0 0.0 0.0 0.0 0.0 1031.61 399.63 0.0 0.0
0.0 0.0 889.39 423.11 1031.61 493.54 1031.61 798.76 0.0 0.0 818.28 376.15 0.0 0.0 0.0 0.0 853.83 775.28 0.0 0.0 0.0 0.0 0.0 0.0 0.0 0.0 0.0 0.0 0.0 0.0 0.0 0.0 996.06 376.15 0.0 0.0
0.0 0.0 889.39 423.11 1031.61 470.07 1031.61 798.76 0.0 0.0 782.72 352.67 0.0 0.0 0.0 0.0 853.83 751.8 0.0 0.0 0.0 0.0 0.0 0.0 0.0 0.0 0.0 0.0 0.0 0.0 0.0 0.0 996.06 352.67 889.39 329.2
0.0 0.0 889.39 399.63 1031.61 470.07 1031.61 775.28 0.0 0.0 782.72 352.67 0.0 0.0 0.0 0.0 853.83 775.28 0.0 0.0 0.0 0.0 0.0 0.0 0.0 0.0 0.0 0.0 0.0 0.0 0.0 0.0 996.06 352.67 0.0 0.0
0.0 0.0 889.39 399.63 1031.61 470.07 1031.61 775.28 0.0 0.0 782.72 329.2 0.0 0.0 0.0 0.0 0.0 0.0 0.0 0.0 0.0 0.0 0.0 0.0 0.0 0.0 0.0 0.0 0.0 0.0 0.0 0.0 996.06 329.2 889.39 305.72
0.0 0.0 889.39 376.15 1031.61 446.59 1031.61 751.8 0.0 0.0 747.17 329.2 0.0 0.0 0.0 0.0 853.83 775.28 0.0 0.0 0.0 0.0 0.0 0.0 0.0 0.0 0.0 0.0 0.0 0.0 0.0 0.0 996.06 305.72 889.39 282.24
0.0 0.0 889.39 376.15 1031.61 423.11 1031.61 751.8 0.0 0.0 747.17 329.2 0.0 0.0 0.0 0.0 0.0 0.0 0.0 0.0 0.0 0.0 0.0 0.0 0.0 0.0 0.0 0.0 0.0 0.0 0.0 0.0 996.06 305.72 853.83 258.76
0.0 0.0 889.39 352.67 1031.61 423.11 1031.61 728.33 0.0 0.0 747.17 305.72 0.0 0.0 0.0 0.0 853.83 751.8 0.0 0.0 0.0 0.0 0.0 0.0 0.0 0.0 0.0 0.0 0.0 0.0 0.0 0.0 996.06 282.24 853.83 235.28
0.0 0.0 889.39 352.67 1031.61 399.63 1031.61 704.85 0.0 0.0 747.17 305.72 0.0 0.0 0.0 0.0 853.83 751.8 0.0 0.0 0.0 0.0 0.0 0.0 0.0 0.0 0.0 0.0 0.0 0.0 0.0 0.0 996.06 258.76 853.83 211.8
0.0 0.0 889.39 352.67 1031.61 399.63 1031.61 704.85 0.0 0.0 747.17 305.72 0.0 0.0 0.0 0.0 853.83 751.8 0.0 0.0 0.0 0.0 0.0 0.0 0.0 0.0 0.0 0.0 0.0 0.0 0.0 0.0 996.06 235.28 853.83 211.8
0.0 0.0 853.83 329.2 1031.61 399.63 1031.61 681.37 0.0 0.0 747.17 282.24 0.0 0.0 0.0 0.0 0.0 0.0 0.0 0.0 0.0 0.0 0.0 0.0 0.0 0.0 0.0 0.0 0.0 0.0 0.0 0.0 996.06 211.8 853.83 188.33
0.0 0.0 853.83 329.2 1031.61 376.15 1031.61 657.89 0.0 0.0 711.61 282.24 0.0 0.0 0.0 0.0 0.0 0.0 0.0 0.0 0.0 0.0 0.0 0.0 0.0 0.0 0.0 0.0 0.0 0.0 0.0 0.0 996.06 188.33 818.28 164.85
0.0 0.0 853.83 305.72 1031.61 376.15 1031.61 634.41 0.0 0.0 711.61 282.24 0.0 0.0 0.0 0.0 0.0 0.0 0.0 0.0 0.0 0.0 0.0 0.0 0.0 0.0 0.0 0.0 0.0 0.0 0.0 0.0 996.06 188.33 818.28 164.85
0.0 0.0 853.83 305.72 1031.61 352.67 1031.61 610.93 0.0 0.0 711.61 282.24 0.0 0.0 0.0 0.0 0.0 0.0 0.0 0.0 0.0 0.0 0.0 0.0 0.0 0.0 0.0 0.0 0.0 0.0 0.0 0.0 996.06 164.85 818.28 141.37
0.0 0.0 853.83 282.24 1031.61 352.67 1067.17 610.93 0.0 0.0 711.61 258.76 0.0 0.0 0.0 0.0 0.0 0.0 0.0 0.0 0.0 0.0 0.0 0.0 0.0 0.0 0.0 0.0 0.0 0.0 0.0 0.0 996.06 141.37 818.28 117.89
0.0 0.0 853.83 282.24 1031.61 329.2 1102.72 587.46 1173.83 822.24 711.61 258.76 0.0 0.0 0.0 0.0 0.0 0.0 0.0 0.0 0.0 0.0 0.0 0.0 0.0 0.0 0.0 0.0 0.0 0.0 0.0 0.0 996.06 117.89 818.28 117.89
0.0 0.0 853.83 282.24 1031.61 329.2 1102.72 587.46 1209.39 798.76 711.61 258.76 0.0 0.0 0.0 0.0 0.0 0.0 0.0 0.0 0.0 0.0 0.0 0.0 0.0 0.0 0.0 0.0 0.0 0.0 0.0 0.0 996.06 117.89 818.28 117.89
0.0 0.0 853.83 282.24 1031.61 305.72 1138.28 563.98 0.0 0.0 711.61 258.76 0.0 0.0 0.0 0.0 0.0 0.0 0.0 0.0 0.0 0.0 0.0 0.0 0.0 0.0 0.0 0.0 0.0 0.0 0.0 0.0 996.06 117.89 818.28 94.41
0.0 0.0 853.83 282.24 1031.61 305.72 1173.83 540.5 0.0 0.0 711.61 235.28 0.0 0.0 0.0 0.0 0.0 0.0 0.0 0.0 0.0 0.0 0.0 0.0 0.0 0.0 0.0 0.0 0.0 0.0 0.0 0.0 996.06 94.41 818.28 94.41
0.0 0.0 853.83 258.76 1031.61 282.24 1209.39 517.02 0.0 0.0 711.61 235.28 0.0 0.0 0.0 0.0 0.0 0.0 0.0 0.0 0.0 0.0 0.0 0.0 0.0 0.0 0.0 0.0 0.0 0.0 0.0 0.0 996.06 117.89 818.28 94.41
0.0 0.0 853.83 258.76 1031.61 282.24 1244.94 493.54 1351.61 634.41 711.61 235.28 640.5 470.07 0.0 0.0 0.0 0.0 0.0 0.0 0.0 0.0 0.0 0.0 0.0 0.0 0.0 0.0 0.0 0.0 0.0 0.0 996.06 117.89 818.28 94.41
0.0 0.0 853.83 258.76 1067.17 282.24 1280.5 470.07 1351.61 587.46 711.61 235.28 640.5 446.59 0.0 0.0 0.0 0.0 0.0 0.0 0.0 0.0 0.0 0.0 0.0 0.0 0.0 0.0 0.0 0.0 0.0 0.0 996.06 117.89 818.28 94.41
0.0 0.0 889.39 258.76 1067.17 282.24 1280.5 446.59 1351.61 540.5 711.61 235.28 640.5 399.63 0.0 0.0 0.0 0.0 0.0 0.0 0.0 0.0 0.0 0.0 0.0 0.0 0.0 0.0 0.0 0.0 0.0 0.0 996.06 117.89 818.28 94.41
0.0 0.0 889.39 258.76 1067.17 282.24 1280.5 446.59 0.0 0.0 711.61 235.28 0.0 0.0 0.0 0.0 0.0 0.0 0.0 0.0 0.0 0.0 0.0 0.0 0.0 0.0 0.0 0.0 0.0 0.0 0.0 0.0 996.06 117.89 818.28 94.41
0.0 0.0 889.39 258.76 1067.17 282.24 1244.94 423.11 1351.61 493.54 711.61 211.8 640.5 305.72 0.0 0.0 0.0 0.0 0.0 0.0 0.0 0.0 0.0 0.0 0.0 0.0 0.0 0.0 0.0 0.0 0.0 0.0 996.06 141.37 853.83 94.41
0.0 0.0 889.39 258.76 1067.17 305.72 1209.39 399.63 0.0 0.0 711.61 211.8 640.5 258.76 0.0 0.0 0.0 0.0 0.0 0.0 0.0 0.0 0.0 0.0 0.0 0.0 0.0 0.0 0.0 0.0 0.0 0.0 996.06 141.37 853.83 94.41
0.0 0.0 924.94 258.76 1067.17 305.72 1173.83 399.63 0.0 0.0 747.17 211.8 640.5 211.8 782.72 117.89 0.0 0.0 0.0 0.0 0.0 0.0 0.0 0.0 0.0 0.0 0.0 0.0 0.0 0.0 0.0 0.0 1031.61 141.37 853.83 117.89
0.0 0.0 924.94 282.24 1067.17 305.72 1173.83 423.11 0.0 0.0 782.72 235.28 676.06 164.85 818.28 70.93 0.0 0.0 0.0 0.0 0.0 0.0 0.0 0.0 0.0 0.0 0.0 0.0 0.0 0.0 0.0 0.0 1031.61 164.85 889.39 141.37

















0.0 0.0 889.39 446.59 1031.61 517.02 1031.61 775.28 0.0 0.0 0.0 0.0 0.0 0.0 0.0 0.0 853.83 751.8 0.0 0.0 0.0 0.0 676.06 728.33 0.0 0.0 0.0 0.0 0.0 0.0 0.0 0.0 0.0 0.0 0.0 0.0
0.0 0.0 924.94 446.59 1031.61 493.54 1031.61 775.28 0.0 0.0 782.72 376.15 0.0 0.0 0.0 0.0 853.83 751.8 0.0 0.0 0.0 0.0 676.06 704.85 0.0 0.0 0.0 0.0 0.0 0.0 0.0 0.0 1031.61 376.15 0.0 0.0
0.0 0.0 889.39 423.11 1031.61 470.07 1031.61 775.28 1031.61 798.76 782.72 352.67 0.0 0.0 0.0 0.0 853.83 751.8 0.0 0.0 0.0 0.0 676.06 728.33 0.0 0.0 0.0 0.0 0.0 0.0 0.0 0.0 996.06 352.67 0.0 0.0
0.0 0.0 889.39 399.63 1031.61 470.07 1031.61 751.8 1031.61 775.28 782.72 352.67 0.0 0.0 0.0 0.0 853.83 751.8 0.0 0.0 0.0 0.0 676.06 728.33 0.0 0.0 0.0 0.0 0.0 0.0 0.0 0.0 996.06 329.2 889.39 305.72
0.0 0.0 889.39 399.63 1031.61 446.59 1031.61 751.8 0.0 0.0 782.72 329.2 0.0 0.0 0.0 0.0 853.83 751.8 0.0 0.0 0.0 0.0 676.06 728.33 0.0 0.0 0.0 0.0 0.0 0.0 0.0 0.0 996.06 305.72 853.83 282.24
0.0 0.0 889.39 376.15 1031.61 446.59 1031.61 751.8 0.0 0.0 747.17 329.2 676.06 446.59 0.0 0.0 853.83 751.8 0.0 0.0 0.0 0.0 676.06 728.33 0.0 0.0 0.0 0.0 0.0 0.0 0.0 0.0 1031.61 305.72 853.83 258.76
0.0 0.0 889.39 376.15 1031.61 446.59 1031.61 751.8 0.0 0.0 747.17 305.72 0.0 0.0 0.0 0.0 0.0 0.0 0.0 0.0 0.0 0.0 0.0 0.0 0.0 0.0 0.0 0.0 0.0 0.0 0.0 0.0 1031.61 282.24 853.83 235.28
0.0 0.0 889.39 352.67 1031.61 423.11 1031.61 751.8 0.0 0.0 747.17 305.72 676.06 446.59 0.0 0.0 0.0 0.0 0.0 0.0 0.0 0.0 0.0 0.0 0.0 0.0 0.0 0.0 0.0 0.0 0.0 0.0 1031.61 258.76 853.83 235.28
0.0 0.0 889.39 352.67 1031.61 423.11 1031.61 728.33 0.0 0.0 747.17 305.72 676.06 446.59 0.0 0.0 0.0 0.0 0.0 0.0 0.0 0.0 0.0 0.0 0.0 0.0 0.0 0.0 0.0 0.0 0.0 0.0 1031.61 258.76 853.83 211.8
0.0 0.0 889.39 352.67 1031.61 423.11 1031.61 728.33 0.0 0.0 747.17 305.72 676.06 446.59 0.0 0.0 0.0 0.0 0.0 0.0 0.0 0.0 0.0 0.0 0.0 0.0 0.0 0.0 0.0 0.0 0.0 0.0 1031.61 235.28 853.83 211.8
0.0 0.0 889.39 352.67 1031.61 423.11 1031.61 704.85 0.0 0.0 747.17 282.24 676.06 446.59 0.0 0.0 0.0 0.0 0.0 0.0 0.0 0.0 0.0 0.0 0.0 0.0 0.0 0.0 0.0 0.0 0.0 0.0 1031.61 235.28 853.83 211.8
0.0 0.0 889.39 329.2 1031.61 399.63 1031.61 704.85 0.0 0.0 747.17 282.24 676.06 423.11 0.0 0.0 0.0 0.0 0.0 0.0 0.0 0.0 0.0 0.0 0.0 0.0 0.0 0.0 0.0 0.0 0.0 0.0 996.06 211.8 853.83 188.33
0.0 0.0 889.39 329.2 1031.61 399.63 1031.61 704.85 0.0 0.0 747.17 282.24 676.06 423.11 569.39 352.67 0.0 0.0 0.0 0.0 0.0 0.0 0.0 0.0 0.0 0.0 0.0 0.0 0.0 0.0 0.0 0.0 996.06 211.8 853.83 188.33
0.0 0.0 889.39 329.2 1031.61 399.63 1031.61 681.37 0.0 0.0 711.61 282.24 676.06 423.11 569.39 352.67 0.0 0.0 0.0 0.0 0.0 0.0 0.0 0.0 0.0 0.0 0.0 0.0 0.0 0.0 0.0 0.0 996.06 188.33 853.83 164.85
0.0 0.0 889.39 329.2 1031.61 399.63 1031.61 681.37 0.0 0.0 711.61 282.24 0.0 0.0 0.0 0.0 0.0 0.0 0.0 0.0 0.0 0.0 0.0 0.0 0.0 0.0 0.0 0.0 0.0 0.0 0.0 0.0 996.06 188.33 853.83 164.85
0.0 0.0 889.39 329.2 1031.61 376.15 1031.61 657.89 0.0 0.0 711.61 258.76 676.06 423.11 569.39 352.67 0.0 0.0 0.0 0.0 0.0 0.0 0.0 0.0 0.0 0.0 0.0 0.0 0.0 0.0 0.0 0.0 996.06 164.85 853.83 141.37
0.0 0.0 889.39 305.72 1031.61 376.15 1031.61 657.89 0.0 0.0 711.61 258.76 0.0 0.0 0.0 0.0 0.0 0.0 0.0 0.0 0.0 0.0 0.0 0.0 0.0 0.0 0.0 0.0 0.0 0.0 0.0 0.0 996.06 164.85 853.83 117.89
0.0 0.0 853.83 305.72 1031.61 352.67 1031.61 634.41 0.0 0.0 711.61 258.76 0.0 0.0 0.0 0.0 0.0 0.0 0.0 0.0 0.0 0.0 0.0 0.0 0.0 0.0 0.0 0.0 0.0 0.0 0.0 0.0 996.06 141.37 818.28 117.89
0.0 0.0 853.83 282.24 1031.61 352.67 1067.17 634.41 0.0 0.0 711.61 235.28 0.0 0.0 0.0 0.0 0.0 0.0 0.0 0.0 0.0 0.0 0.0 0.0 0.0 0.0 0.0 0.0 0.0 0.0 0.0 0.0 996.06 141.37 818.28 117.89
0.0 0.0 853.83 282.24 1031.61 329.2 1067.17 610.93 0.0 0.0 711.61 235.28 0.0 0.0 0.0 0.0 0.0 0.0 0.0 0.0 0.0 0.0 0.0 0.0 0.0 0.0 0.0 0.0 0.0 0.0 0.0 0.0 996.06 117.89 818.28 94.41
0.0 0.0 853.83 282.24 1031.61 305.72 1102.72 587.46 1173.83 798.76 711.61 235.28 0.0 0.0 0.0 0.0 0.0 0.0 0.0 0.0 0.0 0.0 0.0 0.0 0.0 0.0 0.0 0.0 0.0 0.0 0.0 0.0 996.06 117.89 818.28 94.41
0.0 0.0 853.83 282.24 1031.61 305.72 1138.28 563.98 1209.39 775.28 711.61 235.28 0.0 0.0 0.0 0.0 0.0 0.0 0.0 0.0 0.0 0.0 0.0 0.0 0.0 0.0 0.0 0.0 0.0 0.0 0.0 0.0 996.06 117.89 818.28 94.41
0.0 0.0 853.83 282.24 1031.61 305.72 1173.83 540.5 1244.94 728.33 711.61 235.28 0.0 0.0 0.0 0.0 0.0 0.0 0.0 0.0 0.0 0.0 0.0 0.0 0.0 0.0 0.0 0.0 0.0 0.0 0.0 0.0 996.06 117.89 818.28 94.41
0.0 0.0 853.83 258.76 1031.61 305.72 1209.39 517.02 1280.5 704.85 711.61 235.28 0.0 0.0 0.0 0.0 0.0 0.0 0.0 0.0 0.0 0.0 0.0 0.0 0.0 0.0 0.0 0.0 0.0 0.0 0.0 0.0 996.06 117.89 818.28 94.41
0.0 0.0 853.83 258.76 1031.61 282.24 1244.94 493.54 0.0 0.0 711.61 235.28 640.5 446.59 0.0 0.0 0.0 0.0 0.0 0.0 0.0 0.0 0.0 0.0 0.0 0.0 0.0 0.0 0.0 0.0 0.0 0.0 996.06 117.89 818.28 94.41
0.0 0.0 853.83 258.76 1067.17 282.24 1244.94 470.07 1316.06 610.93 711.61 235.28 640.5 423.11 0.0 0.0 0.0 0.0 0.0 0.0 0.0 0.0 0.0 0.0 0.0 0.0 0.0 0.0 0.0 0.0 0.0 0.0 996.06 117.89 818.28 94.41
0.0 0.0 889.39 258.76 1067.17 282.24 1244.94 470.07 1316.06 587.46 711.61 235.28 640.5 399.63 0.0 0.0 0.0 0.0 0.0 0.0 0.0 0.0 0.0 0.0 0.0 0.0 0.0 0.0 0.0 0.0 0.0 0.0 996.06 117.89 818.28 94.41
0.0 0.0 889.39 258.76 1067.17 282.24 1244.94 446.59 0.0 0.0 711.61 211.8 0.0 0.0 0.0 0.0 0.0 0.0 0.0 0.0 0.0 0.0 0.0 0.0 0.0 0.0 0.0 0.0 0.0 0.0 0.0 0.0 996.06 117.89 818.28 94.41
0.0 0.0 889.39 258.76 1067.17 282.24 1244.94 446.59 0.0 0.0 711.61 211.8 0.0 0.0 0.0 0.0 0.0 0.0 0.0 0.0 0.0 0.0 0.0 0.0 0.0 0.0 0.0 0.0 0.0 0.0 0.0 0.0 996.06 141.37 853.83 94.41
0.0 0.0 889.39 258.76 1067.17 305.72 1244.94 446.59 0.0 0.0 711.61 211.8 640.5 258.76 0.0 0.0 0.0 0.0 0.0 0.0 0.0 0.0 0.0 0.0 0.0 0.0 0.0 0.0 0.0 0.0 0.0 0.0 1031.61 141.37 853.83 94.41
0.0 0.0 924.94 282.24 1067.17 305.72 1173.83 399.63 0.0 0.0 747.17 235.28 0.0 0.0 0.0 0.0 0.0 0.0 0.0 0.0 0.0 0.0 0.0 0.0 0.0 0.0 0.0 0.0 0.0 0.0 0.0 0.0 1031.61 164.85 853.83 117.89
0.0 0.0 924.94 282.24 1067.17 329.2 1138.28 423.11 0.0 0.0 782.72 235.28 676.06 164.85 818.28 94.41 0.0 0.0 0.0 0.0 0.0 0.0 0.0 0.0 0.0 0.0 0.0 0.0 0.0 0.0 0.0 0.0 1031.61 164.85 889.39 141.37
0.0 0.0 924.94 305.72 1067.17 329.2 0.0 0.0 0.0 0.0 782.72 235.28 0.0 0.0 0.0 0.0 0.0 0.0 0.0 0.0 0.0 0.0 0.0 0.0 0.0 0.0 0.0 0.0 0.0 0.0 0.0 0.0 1031.61 188.33 889.39 141.37
0.0 0.0 924.94 329.2 1067.17 376.15 0.0 0.0 0.0 0.0 818.28 258.76 0.0 0.0 0.0 0.0 0.0 0.0 0.0 0.0 0.0 0.0 0.0 0.0 0.0 0.0 0.0 0.0 0.0 0.0 0.0 0.0 1031.61 188.33 889.39 164.85
















0.0 0.0 889.39 423.11 1031.61 493.54 1031.61 728.33 0.0 0.0 818.28 376.15 0.0 0.0 0.0 0.0 853.83 728.33 0.0 0.0 0.0 0.0 676.06 704.85 0.0 0.0 0.0 0.0 0.0 0.0 0.0 0.0 0.0 0.0 0.0 0.0
0.0 0.0 924.94 423.11 1067.17 493.54 1031.61 751.8 0.0 0.0 782.72 352.67 0.0 0.0 0.0 0.0 853.83 751.8 0.0 0.0 0.0 0.0 676.06 704.85 0.0 0.0 0.0 0.0 0.0 0.0 0.0 0.0 1031.61 352.67 0.0 0.0
0.0 0.0 924.94 423.11 1067.17 493.54 1067.17 704.85 1031.61 775.28 818.28 352.67 0.0 0.0 0.0 0.0 853.83 751.8 0.0 0.0 0.0 0.0 676.06 728.33 0.0 0.0 0.0 0.0 0.0 0.0 0.0 0.0 1031.61 329.2 0.0 0.0
0.0 0.0 924.94 399.63 1031.61 446.59 1067.17 681.37 1031.61 775.28 818.28 352.67 0.0 0.0 0.0 0.0 853.83 751.8 0.0 0.0 0.0 0.0 0.0 0.0 0.0 0.0 0.0 0.0 0.0 0.0 0.0 0.0 1031.61 329.2 924.94 305.72
0.0 0.0 889.39 376.15 1031.61 446.59 1031.61 751.8 1031.61 775.28 782.72 329.2 0.0 0.0 0.0 0.0 853.83 751.8 0.0 0.0 0.0 0.0 0.0 0.0 0.0 0.0 0.0 0.0 0.0 0.0 0.0 0.0 1031.61 305.72 924.94 282.24
0.0 0.0 889.39 376.15 1031.61 446.59 1031.61 751.8 0.0 0.0 782.72 305.72 0.0 0.0 0.0 0.0 853.83 751.8 0.0 0.0 0.0 0.0 0.0 0.0 0.0 0.0 0.0 0.0 0.0 0.0 0.0 0.0 1031.61 305.72 889.39 258.76
0.0 0.0 889.39 352.67 1031.61 423.11 1031.61 751.8 0.0 0.0 782.72 305.72 0.0 0.0 0.0 0.0 853.83 751.8 0.0 0.0 0.0 0.0 0.0 0.0 0.0 0.0 0.0 0.0 0.0 0.0 0.0 0.0 1031.61 282.24 889.39 235.28
0.0 0.0 889.39 352.67 1031.61 423.11 1031.61 751.8 0.0 0.0 747.17 305.72 0.0 0.0 0.0 0.0 853.83 751.8 0.0 0.0 0.0 0.0 0.0 0.0 0.0 0.0 0.0 0.0 0.0 0.0 0.0 0.0 1031.61 258.76 853.83 211.8
0.0 0.0 889.39 352.67 1031.61 423.11 1031.61 728.33 1031.61 751.8 747.17 282.24 0.0 0.0 0.0 0.0 0.0 0.0 0.0 0.0 0.0 0.0 0.0 0.0 0.0 0.0 0.0 0.0 0.0 0.0 0.0 0.0 1031.61 235.28 853.83 211.8
0.0 0.0 889.39 329.2 1031.61 399.63 1031.61 728.33 0.0 0.0 747.17 282.24 0.0 0.0 0.0 0.0 853.83 751.8 0.0 0.0 0.0 0.0 0.0 0.0 0.0 0.0 0.0 0.0 0.0 0.0 0.0 0.0 1031.61 235.28 853.83 211.8
0.0 0.0 889.39 329.2 1031.61 399.63 1031.61 704.85 0.0 0.0 747.17 282.24 676.06 423.11 0.0 0.0 0.0 0.0 0.0 0.0 0.0 0.0 0.0 0.0 0.0 0.0 0.0 0.0 0.0 0.0 0.0 0.0 1031.61 211.8 853.83 188.33
0.0 0.0 889.39 329.2 1031.61 399.63 1031.61 704.85 0.0 0.0 747.17 282.24 676.06 423.11 0.0 0.0 0.0 0.0 0.0 0.0 0.0 0.0 0.0 0.0 0.0 0.0 0.0 0.0 0.0 0.0 0.0 0.0 1031.61 211.8 853.83 188.33
0.0 0.0 889.39 329.2 1031.61 399.63 1031.61 704.85 0.0 0.0 711.61 282.24 676.06 423.11 569.39 352.67 0.0 0.0 0.0 0.0 0.0 0.0 0.0 0.0 0.0 0.0 0.0 0.0 0.0 0.0 0.0 0.0 996.06 188.33 853.83 164.85
0.0 0.0 889.39 329.2 1031.61 399.63 1031.61 704.85 0.0 0.0 711.61 258.76 676.06 423.11 569.39 352.67 0.0 0.0 0.0 0.0 0.0 0.0 0.0 0.0 0.0 0.0 0.0 0.0 0.0 0.0 0.0 0.0 996.06 188.33 818.28 164.85
0.0 0.0 853.83 305.72 1031.61 399.63 1031.61 681.37 0.0 0.0 711.61 258.76 0.0 0.0 0.0 0.0 0.0 0.0 0.0 0.0 0.0 0.0 0.0 0.0 0.0 0.0 0.0 0.0 0.0 0.0 0.0 0.0 996.06 188.33 818.28 141.37
0.0 0.0 853.83 305.72 1031.61 376.15 1031.61 657.89 0.0 0.0 711.61 258.76 0.0 0.0 0.0 0.0 0.0 0.0 0.0 0.0 0.0 0.0 0.0 0.0 0.0 0.0 0.0 0.0 0.0 0.0 0.0 0.0 996.06 164.85 818.28 141.37
0.0 0.0 853.83 305.72 1031.61 376.15 1031.61 657.89 0.0 0.0 711.61 258.76 0.0 0.0 0.0 0.0 0.0 0.0 0.0 0.0 0.0 0.0 0.0 0.0 0.0 0.0 0.0 0.0 0.0 0.0 0.0 0.0 996.06 141.37 818.28 117.89
0.0 0.0 853.83 305.72 996.06 352.67 1031.61 634.41 0.0 0.0 711.61 258.76 0.0 0.0 0.0 0.0 0.0 0.0 0.0 0.0 0.0 0.0 0.0 0.0 0.0 0.0 0.0 0.0 0.0 0.0 0.0 0.0 996.06 141.37 818.28 117.89
0.0 0.0 853.83 305.72 996.06 352.67 1031.61 634.41 0.0 0.0 711.61 258.76 0.0 0.0 0.0 0.0 0.0 0.0 0.0 0.0 0.0 0.0 0.0 0.0 0.0 0.0 0.0 0.0 0.0 0.0 0.0 0.0 996.06 141.37 818.28 117.89
0.0 0.0 853.83 282.24 996.06 329.2 1067.17 610.93 0.0 0.0 711.61 235.28 0.0 0.0 0.0 0.0 0.0 0.0 0.0 0.0 0.0 0.0 0.0 0.0 0.0 0.0 0.0 0.0 0.0 0.0 0.0 0.0 960.5 117.89 818.28 117.89
0.0 0.0 853.83 282.24 996.06 329.2 1067.17 610.93 0.0 0.0 711.61 235.28 0.0 0.0 0.0 0.0 0.0 0.0 0.0 0.0 0.0 0.0 0.0 0.0 0.0 0.0 0.0 0.0 0.0 0.0 0.0 0.0 960.5 117.89 818.28 94.41
0.0 0.0 853.83 282.24 1031.61 329.2 1102.72 587.46 1173.83 798.76 711.61 235.28 0.0 0.0 0.0 0.0 0.0 0.0 0.0 0.0 0.0 0.0 0.0 0.0 0.0 0.0 0.0 0.0 0.0 0.0 0.0 0.0 960.5 117.89 818.28 94.41
0.0 0.0 853.83 282.24 1031.61 305.72 1138.28 563.98 0.0 0.0 711.61 235.28 0.0 0.0 0.0 0.0 0.0 0.0 0.0 0.0 0.0 0.0 0.0 0.0 0.0 0.0 0.0 0.0 0.0 0.0 0.0 0.0 960.5 117.89 818.28 94.41
0.0 0.0 853.83 282.24 1031.61 305.72 1209.39 540.5 0.0 0.0 711.61 235.28 640.5 470.07 0.0 0.0 0.0 0.0 0.0 0.0 0.0 0.0 0.0 0.0 0.0 0.0 0.0 0.0 0.0 0.0 0.0 0.0 960.5 94.41 782.72 94.41
0.0 0.0 853.83 282.24 1031.61 305.72 1209.39 493.54 0.0 0.0 711.61 235.28 640.5 446.59 0.0 0.0 0.0 0.0 0.0 0.0 0.0 0.0 0.0 0.0 0.0 0.0 0.0 0.0 0.0 0.0 0.0 0.0 960.5 94.41 818.28 94.41
0.0 0.0 853.83 258.76 1067.17 305.72 1244.94 493.54 1280.5 634.41 711.61 235.28 640.5 423.11 0.0 0.0 0.0 0.0 0.0 0.0 0.0 0.0 0.0 0.0 0.0 0.0 0.0 0.0 0.0 0.0 0.0 0.0 996.06 117.89 818.28 94.41
0.0 0.0 853.83 258.76 1067.17 282.24 1244.94 470.07 0.0 0.0 711.61 235.28 640.5 376.15 0.0 0.0 0.0 0.0 0.0 0.0 0.0 0.0 0.0 0.0 0.0 0.0 0.0 0.0 0.0 0.0 0.0 0.0 996.06 117.89 818.28 94.41
0.0 0.0 889.39 258.76 1067.17 305.72 1244.94 446.59 0.0 0.0 711.61 235.28 0.0 0.0 0.0 0.0 0.0 0.0 0.0 0.0 0.0 0.0 0.0 0.0 0.0 0.0 0.0 0.0 0.0 0.0 0.0 0.0 996.06 117.89 818.28 94.41
0.0 0.0 889.39 258.76 1067.17 305.72 1244.94 470.07 0.0 0.0 711.61 211.8 640.5 282.24 0.0 0.0 0.0 0.0 0.0 0.0 0.0 0.0 0.0 0.0 0.0 0.0 0.0 0.0 0.0 0.0 0.0 0.0 996.06 141.37 818.28 94.41
0.0 0.0 889.39 258.76 1067.17 305.72 1209.39 446.59 0.0 0.0 711.61 211.8 640.5 258.76 0.0 0.0 0.0 0.0 0.0 0.0 0.0 0.0 0.0 0.0 0.0 0.0 0.0 0.0 0.0 0.0 0.0 0.0 996.06 141.37 853.83 117.89
0.0 0.0 924.94 282.24 1067.17 305.72 1173.83 423.11 0.0 0.0 747.17 235.28 676.06 211.8 0.0 0.0 0.0 0.0 0.0 0.0 0.0 0.0 0.0 0.0 0.0 0.0 0.0 0.0 0.0 0.0 0.0 0.0 996.06 164.85 853.83 141.37
0.0 0.0 924.94 305.72 1067.17 329.2 1138.28 446.59 0.0 0.0 782.72 258.76 711.61 188.33 818.28 70.93 0.0 0.0 0.0 0.0 0.0 0.0 0.0 0.0 0.0 0.0 0.0 0.0 0.0 0.0 0.0 0.0 996.06 164.85 853.83 141.37
0.0 0.0 924.94 305.72 1031.61 329.2 1102.72 470.07 0.0 0.0 782.72 258.76 0.0 0.0 0.0 0.0 0.0 0.0 0.0 0.0 0.0 0.0 0.0 0.0 0.0 0.0 0.0 0.0 0.0 0.0 0.0 0.0 996.06 188.33 853.83 164.85
0.0 0.0 924.94 305.72 1031.61 352.67 0.0 0.0 0.0 0.0 782.72 258.76 0.0 0.0 0.0 0.0 0.0 0.0 0.0 0.0 0.0 0.0 676.06 681.37 0.0 0.0 0.0 0.0 0.0 0.0 0.0 0.0 996.06 211.8 853.83 188.33
0.0 0.0 889.39 305.72 1031.61 376.15 0.0 0.0 0.0 0.0 782.72 258.76 0.0 0.0 0.0 0.0 0.0 0.0 0.0 0.0 0.0 0.0 676.06 681.37 0.0 0.0 0.0 0.0 0.0 0.0 0.0 0.0 996.06 235.28 853.83 211.8
0.0 0.0 889.39 329.2 996.06 376.15 0.0 0.0 0.0 0.0 782.72 282.24 0.0 0.0 0.0 0.0 0.0 0.0 0.0 0.0 0.0 0.0 676.06 681.37 0.0 0.0 0.0 0.0 0.0 0.0 0.0 0.0 996.06 258.76 853.83 211.8

0.0 0.0 924.94 399.63 0.0 0.0 0.0 0.0 0.0 0.0 818.28 352.67 0.0 0.0 0.0 0.0 853.83 704.85 0.0 0.0 0.0 0.0 676.06 681.37 0.0 0.0 0.0 0.0 0.0 0.0 0.0 0.0 0.0 0.0 889.39 258.76








0.0 0.0 889.39 446.59 1031.61 493.54 1031.61 704.85 0.0 0.0 818.28 376.15 0.0 0.0 0.0 0.0 853.83 751.8 0.0 0.0 0.0 0.0 676.06 681.37 0.0 0.0 0.0 0.0 0.0 0.0 0.0 0.0 996.06 399.63 0.0 0.0
0.0 0.0 889.39 423.11 1031.61 493.54 1067.17 704.85 0.0 0.0 782.72 376.15 0.0 0.0 0.0 0.0 853.83 751.8 0.0 0.0 0.0 0.0 676.06 681.37 0.0 0.0 0.0 0.0 0.0 0.0 0.0 0.0 996.06 376.15 0.0 0.0
0.0 0.0 889.39 423.11 1031.61 470.07 1067.17 704.85 0.0 0.0 782.72 352.67 0.0 0.0 0.0 0.0 853.83 751.8 0.0 0.0 0.0 0.0 676.06 704.85 0.0 0.0 0.0 0.0 0.0 0.0 0.0 0.0 996.06 352.67 889.39 329.2
0.0 0.0 924.94 423.11 1031.61 470.07 1031.61 775.28 0.0 0.0 782.72 352.67 0.0 0.0 0.0 0.0 853.83 751.8 0.0 0.0 0.0 0.0 676.06 704.85 0.0 0.0 0.0 0.0 0.0 0.0 0.0 0.0 1031.61 329.2 889.39 305.72
0.0 0.0 889.39 399.63 1031.61 446.59 1031.61 751.8 0.0 0.0 782.72 352.67 0.0 0.0 0.0 0.0 853.83 751.8 0.0 0.0 0.0 0.0 676.06 728.33 0.0 0.0 0.0 0.0 0.0 0.0 0.0 0.0 1031.61 329.2 853.83 282.24
0.0 0.0 889.39 399.63 1031.61 446.59 1031.61 751.8 0.0 0.0 747.17 352.67 0.0 0.0 0.0 0.0 853.83 751.8 0.0 0.0 0.0 0.0 676.06 704.85 0.0 0.0 0.0 0.0 0.0 0.0 0.0 0.0 1031.61 305.72 853.83 258.76
0.0 0.0 889.39 399.63 1031.61 446.59 0.0 0.0 0.0 0.0 747.17 329.2 0.0 0.0 0.0 0.0 853.83 751.8 0.0 0.0 0.0 0.0 0.0 0.0 0.0 0.0 0.0 0.0 0.0 0.0 0.0 0.0 996.06 282.24 853.83 235.28
0.0 0.0 889.39 376.15 1031.61 446.59 0.0 0.0 0.0 0.0 747.17 329.2 0.0 0.0 0.0 0.0 853.83 751.8 0.0 0.0 0.0 0.0 0.0 0.0 0.0 0.0 0.0 0.0 0.0 0.0 0.0 0.0 996.06 258.76 853.83 211.8
0.0 0.0 889.39 376.15 1031.61 423.11 1031.61 728.33 1031.61 751.8 747.17 329.2 0.0 0.0 0.0 0.0 853.83 751.8 0.0 0.0 0.0 0.0 0.0 0.0 0.0 0.0 0.0 0.0 0.0 0.0 0.0 0.0 996.06 258.76 853.83 211.8
0.0 0.0 889.39 352.67 1031.61 423.11 1031.61 728.33 1031.61 751.8 747.17 305.72 676.06 446.59 0.0 0.0 0.0 0.0 0.0 0.0 0.0 0.0 0.0 0.0 0.0 0.0 0.0 0.0 0.0 0.0 0.0 0.0 996.06 235.28 818.28 211.8
0.0 0.0 889.39 352.67 1031.61 423.11 1031.61 728.33 1031.61 916.15 747.17 305.72 0.0 0.0 0.0 0.0 853.83 751.8 0.0 0.0 0.0 0.0 0.0 0.0 0.0 0.0 0.0 0.0 0.0 0.0 0.0 0.0 996.06 235.28 818.28 211.8
0.0 0.0 889.39 329.2 1031.61 399.63 1031.61 704.85 1031.61 916.15 711.61 282.24 0.0 0.0 0.0 0.0 0.0 0.0 0.0 0.0 0.0 0.0 0.0 0.0 0.0 0.0 0.0 0.0 0.0 0.0 0.0 0.0 996.06 211.8 818.28 188.33
0.0 0.0 889.39 329.2 1031.61 399.63 1031.61 681.37 1031.61 892.67 711.61 282.24 0.0 0.0 0.0 0.0 0.0 0.0 0.0 0.0 0.0 0.0 0.0 0.0 0.0 0.0 0.0 0.0 0.0 0.0 0.0 0.0 996.06 188.33 818.28 164.85
0.0 0.0 853.83 329.2 1031.61 376.15 1031.61 681.37 1031.61 892.67 711.61 282.24 0.0 0.0 0.0 0.0 853.83 751.8 0.0 0.0 0.0 0.0 0.0 0.0 0.0 0.0 0.0 0.0 0.0 0.0 0.0 0.0 996.06 188.33 818.28 164.85
0.0 0.0 853.83 329.2 1031.61 376.15 1031.61 681.37 1067.17 869.2 711.61 258.76 0.0 0.0 0.0 0.0 0.0 0.0 0.0 0.0 0.0 0.0 0.0 0.0 0.0 0.0 0.0 0.0 0.0 0.0 0.0 0.0 996.06 164.85 818.28 141.37
0.0 0.0 853.83 305.72 996.06 352.67 1031.61 657.89 1067.17 869.2 711.61 258.76 0.0 0.0 0.0 0.0 0.0 0.0 0.0 0.0 0.0 0.0 0.0 0.0 0.0 0.0 0.0 0.0 0.0 0.0 0.0 0.0 996.06 164.85 818.28 141.37
0.0 0.0 853.83 305.72 996.06 352.67 1031.61 657.89 0.0 0.0 711.61 258.76 0.0 0.0 0.0 0.0 0.0 0.0 0.0 0.0 0.0 0.0 0.0 0.0 0.0 0.0 0.0 0.0 0.0 0.0 0.0 0.0 996.06 141.37 818.28 141.37
0.0 0.0 853.83 282.24 996.06 329.2 1031.61 634.41 0.0 0.0 711.61 235.28 0.0 0.0 0.0 0.0 0.0 0.0 0.0 0.0 0.0 0.0 0.0 0.0 0.0 0.0 0.0 0.0 0.0 0.0 0.0 0.0 996.06 117.89 818.28 117.89
0.0 0.0 853.83 282.24 996.06 329.2 1031.61 634.41 0.0 0.0 676.06 235.28 0.0 0.0 0.0 0.0 0.0 0.0 0.0 0.0 0.0 0.0 0.0 0.0 0.0 0.0 0.0 0.0 0.0 0.0 0.0 0.0 960.5 117.89 818.28 117.89
0.0 0.0 853.83 282.24 996.06 329.2 1031.61 610.93 0.0 0.0 676.06 235.28 0.0 0.0 0.0 0.0 0.0 0.0 0.0 0.0 0.0 0.0 0.0 0.0 0.0 0.0 0.0 0.0 0.0 0.0 0.0 0.0 960.5 117.89 782.72 94.41
0.0 0.0 853.83 282.24 996.06 329.2 1031.61 587.46 0.0 0.0 676.06 235.28 0.0 0.0 0.0 0.0 0.0 0.0 0.0 0.0 0.0 0.0 0.0 0.0 0.0 0.0 0.0 0.0 0.0 0.0 0.0 0.0 960.5 117.89 782.72 94.41
0.0 0.0 853.83 282.24 996.06 305.72 1067.17 587.46 0.0 0.0 676.06 235.28 0.0 0.0 0.0 0.0 0.0 0.0 0.0 0.0 0.0 0.0 0.0 0.0 0.0 0.0 0.0 0.0 0.0 0.0 0.0 0.0 960.5 94.41 782.72 94.41
0.0 0.0 853.83 282.24 996.06 305.72 1102.72 563.98 1173.83 775.28 676.06 235.28 0.0 0.0 0.0 0.0 0.0 0.0 0.0 0.0 0.0 0.0 0.0 0.0 0.0 0.0 0.0 0.0 0.0 0.0 0.0 0.0 960.5 94.41 782.72 94.41
0.0 0.0 853.83 282.24 996.06 305.72 1138.28 540.5 0.0 0.0 676.06 235.28 0.0 0.0 0.0 0.0 0.0 0.0 0.0 0.0 0.0 0.0 0.0 0.0 0.0 0.0 0.0 0.0 0.0 0.0 0.0 0.0 960.5 94.41 782.72 94.41
0.0 0.0 853.83 282.24 996.06 305.72 1173.83 517.02 0.0 0.0 676.06 235.28 640.5 470.07 0.0 0.0 0.0 0.0 0.0 0.0 0.0 0.0 0.0 0.0 0.0 0.0 0.0 0.0 0.0 0.0 0.0 0.0 960.5 94.41 782.72 94.41
0.0 0.0 853.83 258.76 1031.61 282.24 1209.39 493.54 1280.5 681.37 676.06 235.28 640.5 470.07 0.0 0.0 0.0 0.0 0.0 0.0 0.0 0.0 0.0 0.0 0.0 0.0 0.0 0.0 0.0 0.0 0.0 0.0 960.5 94.41 782.72 94.41
0.0 0.0 853.83 258.76 1031.61 282.24 1244.94 493.54 0.0 0.0 676.06 235.28 640.5 446.59 0.0 0.0 0.0 0.0 0.0 0.0 0.0 0.0 0.0 0.0 0.0 0.0 0.0 0.0 0.0 0.0 0.0 0.0 960.5 94.41 782.72 94.41
0.0 0.0 853.83 258.76 1031.61 282.24 1244.94 446.59 1316.06 587.46 711.61 235.28 640.5 399.63 0.0 0.0 0.0 0.0 0.0 0.0 0.0 0.0 0.0 0.0 0.0 0.0 0.0 0.0 0.0 0.0 0.0 0.0 960.5 117.89 818.28 94.41
0.0 0.0 853.83 258.76 1031.61 282.24 1244.94 446.59 0.0 0.0 711.61 211.8 604.94 376.15 0.0 0.0 0.0 0.0 0.0 0.0 0.0 0.0 0.0 0.0 0.0 0.0 0.0 0.0 0.0 0.0 0.0 0.0 996.06 117.89 818.28 94.41
0.0 0.0 889.39 258.76 1067.17 282.24 1244.94 446.59 0.0 0.0 711.61 211.8 0.0 0.0 0.0 0.0 0.0 0.0 0.0 0.0 0.0 0.0 0.0 0.0 0.0 0.0 0.0 0.0 0.0 0.0 0.0 0.0 996.06 117.89 818.28 94.41
0.0 0.0 889.39 258.76 1067.17 282.24 1244.94 446.59 0.0 0.0 711.61 211.8 640.5 282.24 0.0 0.0 0.0 0.0 0.0 0.0 0.0 0.0 0.0 0.0 0.0 0.0 0.0 0.0 0.0 0.0 0.0 0.0 996.06 141.37 818.28 94.41
0.0 0.0 889.39 282.24 1067.17 305.72 1209.39 423.11 0.0 0.0 747.17 211.8 640.5 235.28 0.0 0.0 0.0 0.0 0.0 0.0 0.0 0.0 0.0 0.0 0.0 0.0 0.0 0.0 0.0 0.0 0.0 0.0 996.06 141.37 853.83 117.89
0.0 0.0 924.94 282.24 1031.61 305.72 1138.28 423.11 0.0 0.0 747.17 235.28 676.06 188.33 782.72 94.41 0.0 0.0 0.0 0.0 0.0 0.0 0.0 0.0 0.0 0.0 0.0 0.0 0.0 0.0 0.0 0.0 996.06 164.85 853.83 141.37
0.0 0.0 924.94 282.24 1067.17 329.2 0.0 0.0 0.0 0.0 782.72 258.76 711.61 164.85 818.28 47.46 0.0 0.0 0.0 0.0 0.0 0.0 0.0 0.0 0.0 0.0 0.0 0.0 0.0 0.0 0.0 0.0 996.06 164.85 853.83 164.85
0.0 0.0 924.94 305.72 1067.17 352.67 0.0 0.0 0.0 0.0 782.72 258.76 0.0 0.0 0.0 0.0 0.0 0.0 0.0 0.0 0.0 0.0 676.06 704.85 0.0 0.0 0.0 0.0 0.0 0.0 0.0 0.0 996.06 188.33 853.83 188.33
0.0 0.0 924.94 305.72 1031.61 352.67 0.0 0.0 0.0 0.0 782.72 258.76 0.0 0.0 0.0 0.0 0.0 0.0 0.0 0.0 0.0 0.0 0.0 0.0 0.0 0.0 0.0 0.0 0.0 0.0 0.0 0.0 996.06 211.8 853.83 188.33



0.0 0.0 889.39 399.63 996.06 446.59 0.0 0.0 0.0 0.0 818.28 352.67 0.0 0.0 0.0 0.0 853.83 704.85 0.0 0.0 0.0 0.0 711.61 681.37 0.0 0.0 0.0 0.0 0.0 0.0 0.0 0.0 0.0 0.0 0.0 0.0









0.0 0.0 889.39 446.59 1031.61 517.02 1031.61 728.33 0.0 0.0 818.28 399.63 0.0 0.0 0.0 0.0 853.83 751.8 0.0 0.0 0.0 0.0 676.06 681.37 0.0 0.0 0.0 0.0 0.0 0.0 0.0 0.0 0.0 0.0 0.0 0.0
0.0 0.0 889.39 446.59 1031.61 493.54 1031.61 704.85 0.0 0.0 782.72 376.15 0.0 0.0 0.0 0.0 853.83 751.8 0.0 0.0 0.0 0.0 676.06 704.85 0.0 0.0 0.0 0.0 0.0 0.0 0.0 0.0 996.06 399.63 0.0 0.0
0.0 0.0 889.39 446.59 1031.61 517.02 1067.17 704.85 0.0 0.0 782.72 376.15 0.0 0.0 0.0 0.0 853.83 751.8 0.0 0.0 0.0 0.0 676.06 704.85 0.0 0.0 0.0 0.0 0.0 0.0 0.0 0.0 996.06 376.15 0.0 0.0
0.0 0.0 889.39 423.11 1031.61 470.07 1067.17 681.37 0.0 0.0 782.72 376.15 0.0 0.0 0.0 0.0 853.83 728.33 0.0 0.0 0.0 0.0 676.06 704.85 0.0 0.0 0.0 0.0 0.0 0.0 0.0 0.0 996.06 352.67 889.39 329.2
0.0 0.0 889.39 423.11 1031.61 470.07 1031.61 775.28 0.0 0.0 782.72 352.67 0.0 0.0 0.0 0.0 853.83 751.8 0.0 0.0 0.0 0.0 676.06 704.85 0.0 0.0 0.0 0.0 0.0 0.0 0.0 0.0 996.06 329.2 889.39 305.72
0.0 0.0 889.39 399.63 1031.61 470.07 1067.17 681.37 1031.61 775.28 782.72 352.67 0.0 0.0 0.0 0.0 853.83 751.8 0.0 0.0 0.0 0.0 676.06 704.85 0.0 0.0 0.0 0.0 0.0 0.0 0.0 0.0 996.06 329.2 853.83 282.24
0.0 0.0 889.39 399.63 1031.61 446.59 1031.61 775.28 0.0 0.0 747.17 329.2 0.0 0.0 0.0 0.0 853.83 751.8 0.0 0.0 0.0 0.0 676.06 728.33 0.0 0.0 0.0 0.0 0.0 0.0 0.0 0.0 996.06 305.72 853.83 258.76
0.0 0.0 889.39 376.15 1031.61 446.59 0.0 0.0 0.0 0.0 747.17 329.2 0.0 0.0 0.0 0.0 853.83 775.28 0.0 0.0 0.0 0.0 0.0 0.0 0.0 0.0 0.0 0.0 0.0 0.0 0.0 0.0 996.06 282.24 853.83 258.76
0.0 0.0 889.39 376.15 1031.61 446.59 1031.61 751.8 1031.61 775.28 747.17 329.2 0.0 0.0 0.0 0.0 853.83 751.8 0.0 0.0 0.0 0.0 0.0 0.0 0.0 0.0 0.0 0.0 0.0 0.0 0.0 0.0 996.06 282.24 818.28 235.28
0.0 0.0 889.39 376.15 1031.61 423.11 1031.61 751.8 0.0 0.0 747.17 329.2 0.0 0.0 0.0 0.0 853.83 751.8 0.0 0.0 0.0 0.0 0.0 0.0 0.0 0.0 0.0 0.0 0.0 0.0 0.0 0.0 996.06 258.76 818.28 235.28
0.0 0.0 889.39 352.67 1031.61 423.11 1031.61 751.8 0.0 0.0 747.17 305.72 0.0 0.0 0.0 0.0 0.0 0.0 0.0 0.0 0.0 0.0 0.0 0.0 0.0 0.0 0.0 0.0 0.0 0.0 0.0 0.0 996.06 258.76 818.28 211.8
0.0 0.0 889.39 352.67 1031.61 423.11 1031.61 728.33 0.0 0.0 747.17 305.72 676.06 423.11 604.94 352.67 853.83 751.8 0.0 0.0 0.0 0.0 0.0 0.0 0.0 0.0 0.0 0.0 0.0 0.0 0.0 0.0 996.06 235.28 818.28 211.8
0.0 0.0 889.39 352.67 1031.61 399.63 1031.61 728.33 0.0 0.0 747.17 305.72 0.0 0.0 0.0 0.0 0.0 0.0 0.0 0.0 0.0 0.0 0.0 0.0 0.0 0.0 0.0 0.0 0.0 0.0 0.0 0.0 996.06 235.28 818.28 211.8
0.0 0.0 853.83 329.2 1031.61 399.63 1031.61 704.85 0.0 0.0 711.61 282.24 0.0 0.0 0.0 0.0 0.0 0.0 0.0 0.0 0.0 0.0 0.0 0.0 0.0 0.0 0.0 0.0 0.0 0.0 0.0 0.0 996.06 211.8 818.28 188.33
0.0 0.0 853.83 329.2 1031.61 399.63 1031.61 704.85 0.0 0.0 711.61 282.24 676.06 423.11 569.39 352.67 0.0 0.0 0.0 0.0 0.0 0.0 0.0 0.0 0.0 0.0 0.0 0.0 0.0 0.0 0.0 0.0 996.06 188.33 818.28 164.85
0.0 0.0 853.83 329.2 1031.61 399.63 1031.61 681.37 0.0 0.0 711.61 282.24 0.0 0.0 0.0 0.0 0.0 0.0 0.0 0.0 0.0 0.0 0.0 0.0 0.0 0.0 0.0 0.0 0.0 0.0 0.0 0.0 996.06 188.33 818.28 164.85
0.0 0.0 853.83 329.2 1031.61 376.15 1031.61 681.37 0.0 0.0 711.61 282.24 0.0 0.0 0.0 0.0 0.0 0.0 0.0 0.0 0.0 0.0 0.0 0.0 0.0 0.0 0.0 0.0 0.0 0.0 0.0 0.0 996.06 164.85 818.28 141.37
0.0 0.0 853.83 305.72 1031.61 376.15 1031.61 657.89 0.0 0.0 711.61 258.76 0.0 0.0 0.0 0.0 0.0 0.0 0.0 0.0 0.0 0.0 0.0 0.0 0.0 0.0 0.0 0.0 0.0 0.0 0.0 0.0 996.06 141.37 818.28 141.37
0.0 0.0 853.83 305.72 1031.61 352.67 1031.61 657.89 0.0 0.0 711.61 258.76 0.0 0.0 0.0 0.0 0.0 0.0 0.0 0.0 0.0 0.0 0.0 0.0 0.0 0.0 0.0 0.0 0.0 0.0 0.0 0.0 996.06 141.37 818.28 117.89
0.0 0.0 853.83 305.72 1031.61 352.67 1031.61 634.41 0.0 0.0 711.61 258.76 0.0 0.0 0.0 0.0 0.0 0.0 0.0 0.0 0.0 0.0 0.0 0.0 0.0 0.0 0.0 0.0 0.0 0.0 0.0 0.0 996.06 117.89 818.28 117.89
0.0 0.0 853.83 282.24 996.06 329.2 1031.61 610.93 0.0 0.0 711.61 235.28 0.0 0.0 0.0 0.0 0.0 0.0 0.0 0.0 0.0 0.0 0.0 0.0 0.0 0.0 0.0 0.0 0.0 0.0 0.0 0.0 996.06 117.89 818.28 117.89
0.0 0.0 853.83 282.24 996.06 329.2 1067.17 610.93 0.0 0.0 676.06 235.28 0.0 0.0 0.0 0.0 0.0 0.0 0.0 0.0 0.0 0.0 0.0 0.0 0.0 0.0 0.0 0.0 0.0 0.0 0.0 0.0 996.06 117.89 818.28 94.41
0.0 0.0 853.83 282.24 996.06 305.72 1102.72 610.93 0.0 0.0 676.06 235.28 0.0 0.0 0.0 0.0 0.0 0.0 0.0 0.0 0.0 0.0 0.0 0.0 0.0 0.0 0.0 0.0 0.0 0.0 0.0 0.0 960.5 94.41 818.28 94.41
0.0 0.0 853.83 282.24 996.06 305.72 1138.28 587.46 1173.83 775.28 676.06 235.28 0.0 0.0 0.0 0.0 0.0 0.0 0.0 0.0 0.0 0.0 0.0 0.0 0.0 0.0 0.0 0.0 0.0 0.0 0.0 0.0 960.5 94.41 782.72 94.41
0.0 0.0 853.83 282.24 1031.61 305.72 1173.83 563.98 1209.39 751.8 676.06 235.28 0.0 0.0 0.0 0.0 0.0 0.0 0.0 0.0 0.0 0.0 0.0 0.0 0.0 0.0 0.0 0.0 0.0 0.0 0.0 0.0 960.5 94.41 782.72 94.41
0.0 0.0 853.83 258.76 1031.61 305.72 1209.39 517.02 1244.94 704.85 676.06 235.28 640.5 470.07 0.0 0.0 0.0 0.0 0.0 0.0 0.0 0.0 0.0 0.0 0.0 0.0 0.0 0.0 0.0 0.0 0.0 0.0 960.5 94.41 782.72 94.41
0.0 0.0 853.83 258.76 1031.61 282.24 1209.39 493.54 1280.5 681.37 676.06 235.28 640.5 446.59 0.0 0.0 0.0 0.0 0.0 0.0 0.0 0.0 0.0 0.0 0.0 0.0 0.0 0.0 0.0 0.0 0.0 0.0 960.5 94.41 782.72 94.41
0.0 0.0 853.83 258.76 1031.61 282.24 1244.94 470.07 1316.06 634.41 711.61 235.28 640.5 423.11 0.0 0.0 0.0 0.0 0.0 0.0 0.0 0.0 0.0 0.0 0.0 0.0 0.0 0.0 0.0 0.0 0.0 0.0 960.5 94.41 818.28 94.41
0.0 0.0 853.83 258.76 1031.61 282.24 1244.94 446.59 0.0 0.0 711.61 235.28 640.5 399.63 0.0 0.0 0.0 0.0 0.0 0.0 0.0 0.0 0.0 0.0 0.0 0.0 0.0 0.0 0.0 0.0 0.0 0.0 960.5 94.41 818.28 94.41
0.0 0.0 853.83 258.76 1067.17 282.24 1244.94 446.59 0.0 0.0 711.61 211.8 0.0 0.0 0.0 0.0 0.0 0.0 0.0 0.0 0.0 0.0 0.0 0.0 0.0 0.0 0.0 0.0 0.0 0.0 0.0 0.0 996.06 117.89 818.28 94.41
0.0 0.0 889.39 258.76 1067.17 282.24 1244.94 423.11 0.0 0.0 711.61 211.8 0.0 0.0 0.0 0.0 0.0 0.0 0.0 0.0 0.0 0.0 0.0 0.0 0.0 0.0 0.0 0.0 0.0 0.0 0.0 0.0 996.06 117.89 818.28 94.41
0.0 0.0 889.39 258.76 1067.17 282.24 1244.94 446.59 0.0 0.0 711.61 211.8 0.0 0.0 0.0 0.0 0.0 0.0 0.0 0.0 0.0 0.0 0.0 0.0 0.0 0.0 0.0 0.0 0.0 0.0 0.0 0.0 996.06 141.37 818.28 94.41
0.0 0.0 889.39 282.24 1067.17 305.72 1209.39 423.11 0.0 0.0 747.17 235.28 640.5 211.8 0.0 0.0 0.0 0.0 0.0 0.0 0.0 0.0 0.0 0.0 0.0 0.0 0.0 0.0 0.0 0.0 0.0 0.0 996.06 141.37 853.83 117.89
0.0 0.0 924.94 282.24 1031.61 305.72 1138.28 423.11 0.0 0.0 747.17 235.28 676.06 164.85 0.0 0.0 0.0 0.0 0.0 0.0 0.0 0.0 0.0 0.0 0.0 0.0 0.0 0.0 0.0 0.0 0.0 0.0 996.06 164.85 853.83 141.37
0.0 0.0 924.94 305.72 1031.61 329.2 0.0 0.0 0.0 0.0 782.72 235.28 0.0 0.0 0.0 0.0 0.0 0.0 0.0 0.0 0.0 0.0 0.0 0.0 0.0 0.0 0.0 0.0 0.0 0.0 0.0 0.0 996.06 164.85 853.83 141.37
0.0 0.0 924.94 305.72 1031.61 352.67 0.0 0.0 0.0 0.0 782.72 258.76 0.0 0.0 0.0 0.0 0.0 0.0 0.0 0.0 0.0 0.0 0.0 0.0 0.0 0.0 0.0 0.0 0.0 0.0 0.0 0.0 996.06 188.33 853.83 164.85
0.0 0.0 924.94 305.72 1031.61 376.15 0.0 0.0 0.0 0.0 782.72 258.76 0.0 0.0 0.0 0.0 0.0 0.0 0.0 0.0 0.0 0.0 0.0 0.0 0.0 0.0 0.0 0.0 0.0 0.0 0.0 0.0 996.06 211.8 853.83 188.33
0.0 0.0 889.39 305.72 996.06 352.67 0.0 0.0 0.0 0.0 818.28 282.24 0.0 0.0 0.0 0.0 0.0 0.0 0.0 0.0 0.0 0.0 676.06 681.37 0.0 0.0 0.0 0.0 0.0 0.0 0.0 0.0 996.06 235.28 853.83 211.8













0.0 0.0 889.39 446.59 996.06 493.54 1031.61 704.85 0.0 0.0 782.72 376.15 0.0 0.0 0.0 0.0 853.83 751.8 0.0 0.0 0.0 0.0 676.06 704.85 0.0 0.0 0.0 0.0 0.0 0.0 0.0 0.0 0.0 0.0 0.0 0.0
0.0 0.0 889.39 446.59 996.06 470.07 1031.61 704.85 0.0 0.0 818.28 376.15 0.0 0.0 0.0 0.0 853.83 751.8 0.0 0.0 0.0 0.0 676.06 704.85 0.0 0.0 0.0 0.0 0.0 0.0 0.0 0.0 0.0 0.0 0.0 0.0
0.0 0.0 889.39 423.11 1031.61 470.07 1031.61 681.37 0.0 0.0 782.72 376.15 0.0 0.0 0.0 0.0 853.83 751.8 0.0 0.0 0.0 0.0 676.06 704.85 0.0 0.0 0.0 0.0 0.0 0.0 0.0 0.0 996.06 376.15 0.0 0.0
0.0 0.0 889.39 423.11 996.06 446.59 1067.17 681.37 1067.17 775.28 782.72 352.67 0.0 0.0 0.0 0.0 853.83 751.8 0.0 0.0 0.0 0.0 676.06 728.33 0.0 0.0 0.0 0.0 0.0 0.0 0.0 0.0 996.06 352.67 0.0 0.0
0.0 0.0 889.39 399.63 1031.61 446.59 1067.17 681.37 1067.17 775.28 782.72 352.67 0.0 0.0 0.0 0.0 853.83 751.8 0.0 0.0 0.0 0.0 676.06 728.33 0.0 0.0 0.0 0.0 0.0 0.0 0.0 0.0 996.06 329.2 0.0 0.0
0.0 0.0 889.39 399.63 1031.61 446.59 1031.61 751.8 0.0 0.0 782.72 329.2 0.0 0.0 0.0 0.0 853.83 775.28 0.0 0.0 0.0 0.0 0.0 0.0 0.0 0.0 0.0 0.0 0.0 0.0 0.0 0.0 996.06 329.2 889.39 282.24
0.0 0.0 889.39 376.15 1031.61 446.59 1031.61 751.8 0.0 0.0 782.72 329.2 0.0 0.0 0.0 0.0 853.83 751.8 0.0 0.0 0.0 0.0 0.0 0.0 0.0 0.0 0.0 0.0 0.0 0.0 0.0 0.0 996.06 305.72 889.39 282.24
0.0 0.0 889.39 376.15 1031.61 423.11 1031.61 751.8 0.0 0.0 747.17 305.72 0.0 0.0 0.0 0.0 853.83 751.8 0.0 0.0 0.0 0.0 0.0 0.0 0.0 0.0 0.0 0.0 0.0 0.0 0.0 0.0 996.06 282.24 853.83 258.76
0.0 0.0 889.39 352.67 1031.61 423.11 1031.61 751.8 0.0 0.0 747.17 305.72 0.0 0.0 0.0 0.0 853.83 751.8 0.0 0.0 0.0 0.0 0.0 0.0 0.0 0.0 0.0 0.0 0.0 0.0 0.0 0.0 996.06 282.24 853.83 211.8
0.0 0.0 889.39 352.67 1031.61 423.11 1031.61 728.33 0.0 0.0 747.17 305.72 0.0 0.0 0.0 0.0 0.0 0.0 0.0 0.0 0.0 0.0 0.0 0.0 0.0 0.0 0.0 0.0 0.0 0.0 0.0 0.0 996.06 258.76 818.28 211.8
0.0 0.0 853.83 329.2 1031.61 399.63 1031.61 704.85 0.0 0.0 747.17 282.24 676.06 423.11 569.39 352.67 0.0 0.0 0.0 0.0 0.0 0.0 0.0 0.0 0.0 0.0 0.0 0.0 0.0 0.0 0.0 0.0 996.06 235.28 818.28 211.8
0.0 0.0 853.83 329.2 1031.61 399.63 1031.61 704.85 0.0 0.0 711.61 282.24 676.06 423.11 569.39 329.2 0.0 0.0 0.0 0.0 0.0 0.0 0.0 0.0 0.0 0.0 0.0 0.0 0.0 0.0 0.0 0.0 996.06 235.28 818.28 188.33
0.0 0.0 853.83 329.2 1031.61 399.63 1031.61 704.85 0.0 0.0 711.61 282.24 0.0 0.0 0.0 0.0 0.0 0.0 0.0 0.0 0.0 0.0 0.0 0.0 0.0 0.0 0.0 0.0 0.0 0.0 0.0 0.0 996.06 211.8 818.28 188.33
0.0 0.0 853.83 305.72 1031.61 399.63 1031.61 681.37 0.0 0.0 711.61 282.24 676.06 423.11 0.0 0.0 0.0 0.0 0.0 0.0 0.0 0.0 0.0 0.0 0.0 0.0 0.0 0.0 0.0 0.0 0.0 0.0 996.06 211.8 818.28 164.85
0.0 0.0 853.83 305.72 1031.61 376.15 1031.61 681.37 0.0 0.0 711.61 258.76 676.06 423.11 0.0 0.0 0.0 0.0 0.0 0.0 0.0 0.0 0.0 0.0 0.0 0.0 0.0 0.0 0.0 0.0 0.0 0.0 996.06 188.33 818.28 164.85
0.0 0.0 853.83 305.72 1031.61 376.15 1031.61 657.89 0.0 0.0 711.61 258.76 0.0 0.0 0.0 0.0 0.0 0.0 0.0 0.0 0.0 0.0 0.0 0.0 0.0 0.0 0.0 0.0 0.0 0.0 0.0 0.0 996.06 188.33 818.28 141.37
0.0 0.0 853.83 305.72 996.06 376.15 1031.61 657.89 0.0 0.0 711.61 258.76 0.0 0.0 0.0 0.0 0.0 0.0 0.0 0.0 0.0 0.0 0.0 0.0 0.0 0.0 0.0 0.0 0.0 0.0 0.0 0.0 996.06 164.85 818.28 141.37
0.0 0.0 853.83 305.72 996.06 352.67 1031.61 657.89 0.0 0.0 711.61 258.76 0.0 0.0 0.0 0.0 0.0 0.0 0.0 0.0 0.0 0.0 0.0 0.0 0.0 0.0 0.0 0.0 0.0 0.0 0.0 0.0 960.5 164.85 818.28 141.37
0.0 0.0 853.83 305.72 996.06 352.67 1031.61 634.41 0.0 0.0 676.06 258.76 0.0 0.0 0.0 0.0 0.0 0.0 0.0 0.0 0.0 0.0 0.0 0.0 0.0 0.0 0.0 0.0 0.0 0.0 0.0 0.0 960.5 141.37 818.28 117.89
0.0 0.0 853.83 282.24 996.06 329.2 1031.61 634.41 0.0 0.0 676.06 258.76 0.0 0.0 0.0 0.0 0.0 0.0 0.0 0.0 0.0 0.0 0.0 0.0 0.0 0.0 0.0 0.0 0.0 0.0 0.0 0.0 960.5 141.37 818.28 117.89
0.0 0.0 853.83 282.24 996.06 329.2 1031.61 610.93 0.0 0.0 676.06 235.28 0.0 0.0 0.0 0.0 0.0 0.0 0.0 0.0 0.0 0.0 0.0 0.0 0.0 0.0 0.0 0.0 0.0 0.0 0.0 0.0 960.5 117.89 782.72 117.89
0.0 0.0 818.28 282.24 996.06 329.2 1067.17 610.93 0.0 0.0 676.06 235.28 0.0 0.0 0.0 0.0 0.0 0.0 0.0 0.0 0.0 0.0 0.0 0.0 0.0 0.0 0.0 0.0 0.0 0.0 0.0 0.0 960.5 117.89 782.72 117.89
0.0 0.0 818.28 282.24 996.06 329.2 1067.17 587.46 1138.28 798.76 676.06 235.28 0.0 0.0 0.0 0.0 0.0 0.0 0.0 0.0 0.0 0.0 0.0 0.0 0.0 0.0 0.0 0.0 0.0 0.0 0.0 0.0 960.5 117.89 782.72 94.41
0.0 0.0 818.28 282.24 996.06 305.72 1102.72 563.98 1173.83 775.28 676.06 235.28 0.0 0.0 0.0 0.0 0.0 0.0 0.0 0.0 0.0 0.0 0.0 0.0 0.0 0.0 0.0 0.0 0.0 0.0 0.0 0.0 960.5 117.89 782.72 94.41
0.0 0.0 853.83 282.24 996.06 305.72 1138.28 540.5 1209.39 728.33 676.06 235.28 640.5 470.07 0.0 0.0 0.0 0.0 0.0 0.0 0.0 0.0 0.0 0.0 0.0 0.0 0.0 0.0 0.0 0.0 0.0 0.0 960.5 117.89 782.72 94.41
0.0 0.0 853.83 282.24 1031.61 305.72 1173.83 517.02 0.0 0.0 676.06 235.28 604.94 470.07 0.0 0.0 0.0 0.0 0.0 0.0 0.0 0.0 0.0 0.0 0.0 0.0 0.0 0.0 0.0 0.0 0.0 0.0 960.5 117.89 782.72 94.41
0.0 0.0 853.83 258.76 1031.61 282.24 1209.39 493.54 1280.5 657.89 676.06 235.28 604.94 446.59 0.0 0.0 0.0 0.0 0.0 0.0 0.0 0.0 0.0 0.0 0.0 0.0 0.0 0.0 0.0 0.0 0.0 0.0 960.5 117.89 782.72 94.41
0.0 0.0 853.83 258.76 1031.61 282.24 1244.94 470.07 1280.5 610.93 676.06 235.28 604.94 423.11 0.0 0.0 0.0 0.0 0.0 0.0 0.0 0.0 0.0 0.0 0.0 0.0 0.0 0.0 0.0 0.0 0.0 0.0 960.5 117.89 782.72 94.41
0.0 0.0 853.83 258.76 1031.61 282.24 1244.94 446.59 0.0 0.0 676.06 235.28 604.94 376.15 0.0 0.0 0.0 0.0 0.0 0.0 0.0 0.0 0.0 0.0 0.0 0.0 0.0 0.0 0.0 0.0 0.0 0.0 960.5 117.89 818.28 94.41
0.0 0.0 853.83 258.76 1031.61 282.24 1244.94 446.59 0.0 0.0 711.61 211.8 604.94 329.2 0.0 0.0 0.0 0.0 0.0 0.0 0.0 0.0 0.0 0.0 0.0 0.0 0.0 0.0 0.0 0.0 0.0 0.0 960.5 141.37 818.28 94.41
0.0 0.0 889.39 258.76 1031.61 282.24 1209.39 446.59 0.0 0.0 711.61 211.8 604.94 282.24 0.0 0.0 0.0 0.0 0.0 0.0 0.0 0.0 0.0 0.0 0.0 0.0 0.0 0.0 0.0 0.0 0.0 0.0 996.06 141.37 818.28 117.89
0.0 0.0 889.39 258.76 1067.17 305.72 1173.83 423.11 0.0 0.0 747.17 211.8 640.5 235.28 0.0 0.0 0.0 0.0 0.0 0.0 0.0 0.0 0.0 0.0 0.0 0.0 0.0 0.0 0.0 0.0 0.0 0.0 996.06 164.85 853.83 117.89
0.0 0.0 889.39 282.24 1067.17 329.2 1138.28 423.11 0.0 0.0 782.72 235.28 640.5 188.33 747.17 94.41 0.0 0.0 0.0 0.0 0.0 0.0 0.0 0.0 0.0 0.0 0.0 0.0 0.0 0.0 0.0 0.0 996.06 164.85 853.83 141.37
0.0 0.0 924.94 282.24 1031.61 329.2 0.0 0.0 0.0 0.0 782.72 258.76 676.06 164.85 782.72 70.93 0.0 0.0 0.0 0.0 0.0 0.0 0.0 0.0 0.0 0.0 0.0 0.0 0.0 0.0 0.0 0.0 996.06 188.33 853.83 164.85
0.0 0.0 924.94 305.72 1031.61 352.67 0.0 0.0 0.0 0.0 782.72 258.76 0.0 0.0 0.0 0.0 0.0 0.0 0.0 0.0 0.0 0.0 0.0 0.0 0.0 0.0 0.0 0.0 0.0 0.0 0.0 0.0 996.06 211.8 853.83 188.33
0.0 0.0 889.39 305.72 996.06 329.2 0.0 0.0 0.0 0.0 782.72 258.76 0.0 0.0 0.0 0.0 0.0 0.0 0.0 0.0 0.0 0.0 676.06 681.37 0.0 0.0 0.0 0.0 0.0 0.0 0.0 0.0 996.06 235.28 853.83 188.33



















0.0 0.0 889.39 423.11 1031.61 470.07 1067.17 657.89 1067.17 751.8 782.72 352.67 0.0 0.0 0.0 0.0 889.39 775.28 0.0 0.0 0.0 0.0 0.0 0.0 0.0 0.0 0.0 0.0 0.0 0.0 0.0 0.0 996.06 352.67 0.0 0.0
0.0 0.0 889.39 399.63 1031.61 446.59 1067.17 634.41 1067.17 751.8 782.72 329.2 0.0 0.0 0.0 0.0 853.83 751.8 0.0 0.0 0.0 0.0 0.0 0.0 0.0 0.0 0.0 0.0 0.0 0.0 0.0 0.0 996.06 329.2 0.0 0.0
0.0 0.0 889.39 376.15 1031.61 446.59 1031.61 751.8 0.0 0.0 782.72 329.2 676.06 423.11 569.39 352.67 853.83 751.8 0.0 0.0 0.0 0.0 0.0 0.0 0.0 0.0 0.0 0.0 0.0 0.0 0.0 0.0 996.06 305.72 0.0 0.0
0.0 0.0 889.39 376.15 1031.61 423.11 1067.17 634.41 1067.17 728.33 747.17 305.72 0.0 0.0 0.0 0.0 853.83 751.8 0.0 0.0 0.0 0.0 0.0 0.0 0.0 0.0 0.0 0.0 0.0 0.0 0.0 0.0 996.06 305.72 0.0 0.0
0.0 0.0 889.39 352.67 1031.61 423.11 1031.61 728.33 1067.17 916.15 747.17 305.72 0.0 0.0 0.0 0.0 0.0 0.0 0.0 0.0 0.0 0.0 0.0 0.0 0.0 0.0 0.0 0.0 0.0 0.0 0.0 0.0 996.06 282.24 853.83 235.28
0.0 0.0 889.39 352.67 1031.61 399.63 1031.61 728.33 0.0 0.0 747.17 282.24 0.0 0.0 0.0 0.0 0.0 0.0 0.0 0.0 0.0 0.0 0.0 0.0 0.0 0.0 0.0 0.0 0.0 0.0 0.0 0.0 996.06 258.76 0.0 0.0
0.0 0.0 853.83 329.2 1031.61 399.63 1031.61 704.85 0.0 0.0 747.17 282.24 676.06 423.11 0.0 0.0 0.0 0.0 0.0 0.0 0.0 0.0 0.0 0.0 0.0 0.0 0.0 0.0 0.0 0.0 0.0 0.0 996.06 258.76 853.83 211.8
0.0 0.0 853.83 329.2 1031.61 399.63 1031.61 704.85 0.0 0.0 711.61 282.24 676.06 423.11 0.0 0.0 0.0 0.0 0.0 0.0 0.0 0.0 0.0 0.0 0.0 0.0 0.0 0.0 0.0 0.0 0.0 0.0 996.06 235.28 818.28 211.8
0.0 0.0 853.83 329.2 1031.61 399.63 1031.61 681.37 0.0 0.0 711.61 282.24 676.06 423.11 0.0 0.0 0.0 0.0 0.0 0.0 0.0 0.0 0.0 0.0 0.0 0.0 0.0 0.0 0.0 0.0 0.0 0.0 996.06 235.28 818.28 188.33
0.0 0.0 853.83 329.2 1031.61 399.63 1031.61 657.89 0.0 0.0 711.61 282.24 676.06 423.11 0.0 0.0 0.0 0.0 0.0 0.0 0.0 0.0 0.0 0.0 0.0 0.0 0.0 0.0 0.0 0.0 0.0 0.0 996.06 211.8 818.28 188.33
0.0 0.0 853.83 305.72 1031.61 376.15 1031.61 681.37 0.0 0.0 711.61 258.76 676.06 423.11 0.0 0.0 0.0 0.0 0.0 0.0 0.0 0.0 0.0 0.0 0.0 0.0 0.0 0.0 0.0 0.0 0.0 0.0 996.06 188.33 818.28 164.85
0.0 0.0 853.83 305.72 996.06 376.15 1031.61 681.37 0.0 0.0 711.61 258.76 676.06 423.11 0.0 0.0 0.0 0.0 0.0 0.0 0.0 0.0 0.0 0.0 0.0 0.0 0.0 0.0 0.0 0.0 0.0 0.0 996.06 188.33 818.28 164.85
0.0 0.0 853.83 305.72 996.06 352.67 1031.61 657.89 0.0 0.0 711.61 258.76 0.0 0.0 0.0 0.0 0.0 0.0 0.0 0.0 0.0 0.0 0.0 0.0 0.0 0.0 0.0 0.0 0.0 0.0 0.0 0.0 996.06 164.85 818.28 141.37
0.0 0.0 853.83 305.72 996.06 352.67 1031.61 657.89 0.0 0.0 711.61 258.76 0.0 0.0 0.0 0.0 0.0 0.0 0.0 0.0 0.0 0.0 0.0 0.0 0.0 0.0 0.0 0.0 0.0 0.0 0.0 0.0 960.5 164.85 818.28 141.37
0.0 0.0 853.83 282.24 996.06 352.67 1031.61 634.41 0.0 0.0 676.06 258.76 0.0 0.0 0.0 0.0 0.0 0.0 0.0 0.0 0.0 0.0 0.0 0.0 0.0 0.0 0.0 0.0 0.0 0.0 0.0 0.0 960.5 141.37 818.28 141.37
0.0 0.0 853.83 282.24 996.06 329.2 1031.61 610.93 0.0 0.0 676.06 258.76 0.0 0.0 0.0 0.0 0.0 0.0 0.0 0.0 0.0 0.0 0.0 0.0 0.0 0.0 0.0 0.0 0.0 0.0 0.0 0.0 960.5 141.37 818.28 117.89
0.0 0.0 853.83 282.24 996.06 329.2 1031.61 610.93 0.0 0.0 676.06 258.76 0.0 0.0 0.0 0.0 0.0 0.0 0.0 0.0 0.0 0.0 0.0 0.0 0.0 0.0 0.0 0.0 0.0 0.0 0.0 0.0 960.5 141.37 818.28 117.89
0.0 0.0 818.28 282.24 996.06 329.2 1067.17 610.93 0.0 0.0 676.06 258.76 0.0 0.0 0.0 0.0 0.0 0.0 0.0 0.0 0.0 0.0 0.0 0.0 0.0 0.0 0.0 0.0 0.0 0.0 0.0 0.0 960.5 117.89 782.72 117.89
0.0 0.0 818.28 282.24 996.06 329.2 1102.72 587.46 1138.28 798.76 676.06 258.76 0.0 0.0 0.0 0.0 0.0 0.0 0.0 0.0 0.0 0.0 0.0 0.0 0.0 0.0 0.0 0.0 0.0 0.0 0.0 0.0 960.5 117.89 782.72 117.89
0.0 0.0 853.83 282.24 996.06 305.72 1138.28 563.98 1209.39 751.8 676.06 235.28 0.0 0.0 0.0 0.0 0.0 0.0 0.0 0.0 0.0 0.0 0.0 0.0 0.0 0.0 0.0 0.0 0.0 0.0 0.0 0.0 960.5 117.89 782.72 117.89
0.0 0.0 853.83 282.24 996.06 305.72 1173.83 517.02 1244.94 728.33 676.06 235.28 640.5 470.07 0.0 0.0 0.0 0.0 0.0 0.0 0.0 0.0 0.0 0.0 0.0 0.0 0.0 0.0 0.0 0.0 0.0 0.0 960.5 117.89 782.72 94.41
0.0 0.0 853.83 258.76 1031.61 305.72 1209.39 517.02 1280.5 704.85 676.06 235.28 604.94 446.59 0.0 0.0 0.0 0.0 0.0 0.0 0.0 0.0 0.0 0.0 0.0 0.0 0.0 0.0 0.0 0.0 0.0 0.0 960.5 117.89 782.72 94.41
0.0 0.0 853.83 258.76 1031.61 305.72 1244.94 493.54 1280.5 657.89 676.06 235.28 604.94 446.59 0.0 0.0 0.0 0.0 0.0 0.0 0.0 0.0 0.0 0.0 0.0 0.0 0.0 0.0 0.0 0.0 0.0 0.0 960.5 117.89 818.28 94.41
0.0 0.0 853.83 258.76 1031.61 282.24 1244.94 470.07 0.0 0.0 676.06 235.28 604.94 399.63 0.0 0.0 0.0 0.0 0.0 0.0 0.0 0.0 0.0 0.0 0.0 0.0 0.0 0.0 0.0 0.0 0.0 0.0 960.5 117.89 818.28 94.41
0.0 0.0 853.83 258.76 1031.61 282.24 1244.94 446.59 0.0 0.0 711.61 211.8 604.94 376.15 0.0 0.0 0.0 0.0 0.0 0.0 0.0 0.0 0.0 0.0 0.0 0.0 0.0 0.0 0.0 0.0 0.0 0.0 960.5 117.89 818.28 94.41
0.0 0.0 853.83 258.76 1031.61 282.24 1244.94 446.59 0.0 0.0 711.61 211.8 0.0 0.0 0.0 0.0 0.0 0.0 0.0 0.0 0.0 0.0 0.0 0.0 0.0 0.0 0.0 0.0 0.0 0.0 0.0 0.0 996.06 141.37 818.28 117.89
0.0 0.0 889.39 258.76 1067.17 305.72 1244.94 446.59 0.0 0.0 711.61 211.8 0.0 0.0 0.0 0.0 0.0 0.0 0.0 0.0 0.0 0.0 0.0 0.0 0.0 0.0 0.0 0.0 0.0 0.0 0.0 0.0 996.06 141.37 818.28 117.89
0.0 0.0 889.39 282.24 1067.17 305.72 1209.39 446.59 0.0 0.0 711.61 211.8 640.5 235.28 0.0 0.0 0.0 0.0 0.0 0.0 0.0 0.0 0.0 0.0 0.0 0.0 0.0 0.0 0.0 0.0 0.0 0.0 996.06 141.37 853.83 117.89
0.0 0.0 889.39 282.24 1067.17 305.72 1173.83 423.11 0.0 0.0 782.72 235.28 640.5 211.8 0.0 0.0 0.0 0.0 0.0 0.0 0.0 0.0 0.0 0.0 0.0 0.0 0.0 0.0 0.0 0.0 0.0 0.0 996.06 164.85 853.83 141.37
0.0 0.0 924.94 282.24 1031.61 329.2 1138.28 446.59 0.0 0.0 747.17 235.28 676.06 188.33 782.72 94.41 0.0 0.0 0.0 0.0 0.0 0.0 0.0 0.0 0.0 0.0 0.0 0.0 0.0 0.0 0.0 0.0 996.06 188.33 853.83 164.85
0.0 0.0 924.94 305.72 1031.61 329.2 1102.72 470.07 0.0 0.0 782.72 258.76 0.0 0.0 0.0 0.0 0.0 0.0 0.0 0.0 0.0 0.0 0.0 0.0 0.0 0.0 0.0 0.0 0.0 0.0 0.0 0.0 996.06 188.33 853.83 164.85
0.0 0.0 924.94 305.72 1031.61 352.67 0.0 0.0 0.0 0.0 782.72 258.76 0.0 0.0 0.0 0.0 0.0 0.0 0.0 0.0 0.0 0.0 676.06 681.37 0.0 0.0 0.0 0.0 0.0 0.0 0.0 0.0 996.06 211.8 853.83 188.33



0.0 0.0 924.94 399.63 996.06 423.11 0.0 0.0 0.0 0.0 0.0 0.0 0.0 0.0 0.0 0.0 853.83 704.85 0.0 0.0 0.0 0.0 676.06 681.37 0.0 0.0 0.0 0.0 0.0 0.0 0.0 0.0 1031.61 305.72 0.0 0.0













0.0 0.0 889.39 423.11 1031.61 470.07 1031.61 704.85 0.0 0.0 782.72 352.67 0.0 0.0 0.0 0.0 853.83 751.8 0.0 0.0 0.0 0.0 0.0 0.0 0.0 0.0 0.0 0.0 0.0 0.0 0.0 0.0 0.0 0.0 0.0 0.0
0.0 0.0 889.39 399.63 1031.61 446.59 1031.61 751.8 0.0 0.0 782.72 352.67 0.0 0.0 0.0 0.0 889.39 775.28 0.0 0.0 0.0 0.0 0.0 0.0 0.0 0.0 0.0 0.0 0.0 0.0 0.0 0.0 996.06 329.2 0.0 0.0
0.0 0.0 889.39 399.63 1031.61 446.59 1031.61 751.8 0.0 0.0 747.17 329.2 676.06 446.59 0.0 0.0 853.83 751.8 0.0 0.0 0.0 0.0 0.0 0.0 0.0 0.0 0.0 0.0 0.0 0.0 0.0 0.0 996.06 329.2 889.39 305.72
0.0 0.0 889.39 376.15 1031.61 446.59 1031.61 728.33 1031.61 751.8 782.72 329.2 676.06 446.59 0.0 0.0 853.83 751.8 0.0 0.0 0.0 0.0 0.0 0.0 0.0 0.0 0.0 0.0 0.0 0.0 0.0 0.0 996.06 305.72 889.39 282.24
0.0 0.0 889.39 376.15 1031.61 423.11 1031.61 728.33 0.0 0.0 747.17 305.72 0.0 0.0 0.0 0.0 853.83 751.8 0.0 0.0 0.0 0.0 0.0 0.0 0.0 0.0 0.0 0.0 0.0 0.0 0.0 0.0 996.06 305.72 0.0 0.0
0.0 0.0 889.39 352.67 1031.61 423.11 1031.61 728.33 0.0 0.0 747.17 305.72 0.0 0.0 0.0 0.0 0.0 0.0 0.0 0.0 0.0 0.0 0.0 0.0 0.0 0.0 0.0 0.0 0.0 0.0 0.0 0.0 996.06 282.24 853.83 235.28
0.0 0.0 889.39 352.67 1031.61 423.11 1031.61 728.33 0.0 0.0 747.17 305.72 0.0 0.0 0.0 0.0 0.0 0.0 0.0 0.0 0.0 0.0 0.0 0.0 0.0 0.0 0.0 0.0 0.0 0.0 0.0 0.0 996.06 258.76 818.28 211.8
0.0 0.0 853.83 329.2 1031.61 399.63 1031.61 704.85 0.0 0.0 711.61 305.72 0.0 0.0 0.0 0.0 0.0 0.0 0.0 0.0 0.0 0.0 0.0 0.0 0.0 0.0 0.0 0.0 0.0 0.0 0.0 0.0 996.06 258.76 818.28 211.8
0.0 0.0 853.83 329.2 1031.61 399.63 1031.61 704.85 0.0 0.0 711.61 282.24 676.06 423.11 0.0 0.0 0.0 0.0 0.0 0.0 0.0 0.0 0.0 0.0 0.0 0.0 0.0 0.0 0.0 0.0 0.0 0.0 996.06 235.28 818.28 211.8
0.0 0.0 853.83 329.2 996.06 376.15 1031.61 704.85 0.0 0.0 711.61 282.24 0.0 0.0 0.0 0.0 0.0 0.0 0.0 0.0 0.0 0.0 0.0 0.0 0.0 0.0 0.0 0.0 0.0 0.0 0.0 0.0 960.5 211.8 818.28 188.33
0.0 0.0 853.83 305.72 996.06 376.15 1031.61 681.37 0.0 0.0 711.61 282.24 0.0 0.0 0.0 0.0 0.0 0.0 0.0 0.0 0.0 0.0 0.0 0.0 0.0 0.0 0.0 0.0 0.0 0.0 0.0 0.0 960.5 211.8 818.28 188.33
0.0 0.0 853.83 305.72 996.06 376.15 1031.61 681.37 0.0 0.0 711.61 258.76 0.0 0.0 0.0 0.0 0.0 0.0 0.0 0.0 0.0 0.0 0.0 0.0 0.0 0.0 0.0 0.0 0.0 0.0 0.0 0.0 960.5 188.33 818.28 164.85
0.0 0.0 853.83 305.72 996.06 376.15 996.06 657.89 0.0 0.0 711.61 258.76 676.06 423.11 0.0 0.0 0.0 0.0 0.0 0.0 0.0 0.0 0.0 0.0 0.0 0.0 0.0 0.0 0.0 0.0 0.0 0.0 960.5 188.33 818.28 164.85
0.0 0.0 853.83 305.72 996.06 352.67 996.06 657.89 0.0 0.0 711.61 258.76 0.0 0.0 0.0 0.0 0.0 0.0 0.0 0.0 0.0 0.0 0.0 0.0 0.0 0.0 0.0 0.0 0.0 0.0 0.0 0.0 960.5 164.85 818.28 141.37
0.0 0.0 853.83 305.72 996.06 352.67 996.06 634.41 0.0 0.0 676.06 258.76 676.06 423.11 0.0 0.0 0.0 0.0 0.0 0.0 0.0 0.0 0.0 0.0 0.0 0.0 0.0 0.0 0.0 0.0 0.0 0.0 960.5 164.85 818.28 141.37
0.0 0.0 853.83 282.24 996.06 329.2 1031.61 634.41 0.0 0.0 676.06 235.28 0.0 0.0 0.0 0.0 853.83 751.8 0.0 0.0 0.0 0.0 0.0 0.0 0.0 0.0 0.0 0.0 0.0 0.0 0.0 0.0 960.5 141.37 818.28 117.89
